Binomial	ID	year	popvalue
POB	1	1981	161.461949
KWH	2	1981	131526.6671
SWH	3	1981	74285.6865
MWH	4	1981	950900.3163
FWH	5	1981	968167.585
BES	6	1981	5424.657487
HOS	7	1981	57448.56206
RIS	8	1981	5177.974986
SBA	9	1981	24401.40987
SBB	10	1981	5003.863087
SHO	11	1981	536620.8686
DEO	12	1981	1489492.833
PEL	13	1981	89986.49903
PES	14	1981	440230.6384
REO	15	1981	1129047.892
DEL	16	1981	63115.33026
FLA	17	1981	87905.90747
LRD	18	1981	410930.649
SSK	19	1981	93647.58541
MES	20	1981	4182231.592
GRH	21	1981	275851.2682
MAC	22	1981	2471578.837
HAD	23	1981	6643796.385
SAI	24	1981	1179966.345
RED	25	1981	528298.018
BWH	26	1981	896792.5534
SSH	27	1981	1227335.943
NCO	28	1981	2359515.202
PCO	29	1981	155695.8462
POB	1	1982	161.467854
KWH	2	1982	130723.8156
SWH	3	1982	72274.32367
MWH	4	1982	957482.0688
FWH	5	1982	972742.3471
BES	6	1982	5501.438444
HOS	7	1982	58036.73786
RIS	8	1982	5188.971871
SBA	9	1982	24720.75652
SBB	10	1982	5004.06751
SHO	11	1982	548718.9015
DEO	12	1982	1503876.172
PEL	13	1982	88978.52179
PES	14	1982	447072.2936
REO	15	1982	1187898.888
DEL	16	1982	62940.99322
FLA	17	1982	87821.82546
LRD	18	1982	414914.414
SSK	19	1982	93907.26994
MES	20	1982	4205233.587
GRH	21	1982	276595.5169
MAC	22	1982	2337713.591
HAD	23	1982	6777818.606
SAI	24	1982	1231386.217
RED	25	1982	534987.7207
BWH	26	1982	887811.048
SSH	27	1982	1237439.711
NCO	28	1982	2437400.848
PCO	29	1982	157179.7266
POB	1	1983	161.578117
KWH	2	1983	130637.1821
SWH	3	1983	70202.48002
MWH	4	1983	962452.3281
FWH	5	1983	977125.991
BES	6	1983	5577.258142
HOS	7	1983	58784.12585
RIS	8	1983	5201.138687
SBA	9	1983	25011.38185
SBB	10	1983	5003.369106
SHO	11	1983	557719.323
DEO	12	1983	1522838.168
PEL	13	1983	88399.04628
PES	14	1983	451390.2723
REO	15	1983	1004304.966
DEL	16	1983	61911.57087
FLA	17	1983	87930.36292
LRD	18	1983	420951.4999
SSK	19	1983	94028.64311
MES	20	1983	4122674.519
GRH	21	1983	251222.7106
MAC	22	1983	2380842.311
HAD	23	1983	5415979.971
SAI	24	1983	1145528.465
RED	25	1983	440212.5366
BWH	26	1983	887780.9717
SSH	27	1983	1266166.722
NCO	28	1983	1699581.607
PCO	29	1983	164980.3244
POB	1	1984	162.116713
KWH	2	1984	129416.7444
SWH	3	1984	69124.83556
MWH	4	1984	964229.9514
FWH	5	1984	978993.3643
BES	6	1984	5672.706204
HOS	7	1984	59546.52991
RIS	8	1984	5216.865302
SBA	9	1984	25323.01669
SBB	10	1984	5012.416723
SHO	11	1984	568224.9098
DEO	12	1984	1519305.743
PEL	13	1984	90067.75883
PES	14	1984	453383.5175
REO	15	1984	846469.4699
DEL	16	1984	61736.33532
FLA	17	1984	87723.58453
LRD	18	1984	422213.0359
SSK	19	1984	94103.76855
MES	20	1984	4245048.496
GRH	21	1984	229530.4141
MAC	22	1984	2371046.698
HAD	23	1984	4434627.478
SAI	24	1984	1086979.633
RED	25	1984	448668.7366
BWH	26	1984	890216.7719
SSH	27	1984	1298457.404
NCO	28	1984	1417681.009
PCO	29	1984	177578.0675
POB	1	1985	162.795924
KWH	2	1985	127104.1904
SWH	3	1985	67739.34559
MWH	4	1985	964072.8662
FWH	5	1985	979726.3382
BES	6	1985	5730.616389
HOS	7	1985	59886.11423
RIS	8	1985	5232.705725
SBA	9	1985	25565.768
SBB	10	1985	5021.078746
SHO	11	1985	577153.2384
DEO	12	1985	1519981.508
PEL	13	1985	93670.9144
PES	14	1985	456819.8502
REO	15	1985	747084.5536
DEL	16	1985	62242.64563
FLA	17	1985	87593.80578
LRD	18	1985	424871.919
SSK	19	1985	94557.18147
MES	20	1985	4248956.491
GRH	21	1985	211399.313
MAC	22	1985	2470390.747
HAD	23	1985	3763732.328
SAI	24	1985	1026746.22
RED	25	1985	411502.1824
BWH	26	1985	897452.5049
SSH	27	1985	1330476.195
NCO	28	1985	1269830.874
PCO	29	1985	173101.5776
POB	1	1986	163.503463
KWH	2	1986	124688.3643
SWH	3	1986	66877.36613
MWH	4	1986	963191.1609
FWH	5	1986	980074.5046
BES	6	1986	5765.075999
HOS	7	1986	59919.85918
RIS	8	1986	5254.296546
SBA	9	1986	25754.59646
SBB	10	1986	5025.777558
SHO	11	1986	583910.5414
DEO	12	1986	1516400.028
PEL	13	1986	94224.06693
PES	14	1986	460100.4951
REO	15	1986	662566.1105
DEL	16	1986	62026.07674
FLA	17	1986	87653.6732
LRD	18	1986	427070.1346
SSK	19	1986	95030.11968
MES	20	1986	4188058.545
GRH	21	1986	195222.7222
MAC	22	1986	2354140.401
HAD	23	1986	3270678.667
SAI	24	1986	960247.358
RED	25	1986	365936.5286
BWH	26	1986	912561.8435
SSH	27	1986	1364046.584
NCO	28	1986	1207764.409
PCO	29	1986	185859.7962
POB	1	1987	164.148887
KWH	2	1987	122570.7489
SWH	3	1987	65343.31667
MWH	4	1987	964781.1733
FWH	5	1987	981837.2784
BES	6	1987	5788.142759
HOS	7	1987	60252.23246
RIS	8	1987	5271.442829
SBA	9	1987	25948.36254
SBB	10	1987	5031.031742
SHO	11	1987	589795.7507
DEO	12	1987	1511603.291
PEL	13	1987	94166.10228
PES	14	1987	463096.4282
REO	15	1987	595274.9081
DEL	16	1987	61886.54138
FLA	17	1987	87459.43812
LRD	18	1987	426368.4819
SSK	19	1987	95567.26354
MES	20	1987	4190185.468
GRH	21	1987	179502.324
MAC	22	1987	2369316.081
HAD	23	1987	2898277.09
SAI	24	1987	873614.7302
RED	25	1987	324729.3036
BWH	26	1987	913463.2805
SSH	27	1987	1400064.468
NCO	28	1987	1219521.185
PCO	29	1987	190262.0669
POB	1	1988	164.911845
KWH	2	1988	119228.7188
SWH	3	1988	64942.10799
MWH	4	1988	969679.5698
FWH	5	1988	984383.2055
BES	6	1988	5828.464649
HOS	7	1988	60282.35646
RIS	8	1988	5297.4328
SBA	9	1988	26188.33577
SBB	10	1988	5033.336922
SHO	11	1988	594423.8471
DEO	12	1988	1501380.169
PEL	13	1988	93005.25144
PES	14	1988	465573.9693
REO	15	1988	544840.3392
DEL	16	1988	61864.74894
FLA	17	1988	87425.80168
LRD	18	1988	425191.9495
SSK	19	1988	96209.45723
MES	20	1988	4208337.954
GRH	21	1988	165792.3384
MAC	22	1988	2282221.394
HAD	23	1988	2635099.59
SAI	24	1988	806863.4567
RED	25	1988	306617.7132
BWH	26	1988	923991.3618
SSH	27	1988	1460668.743
NCO	28	1988	1205927.025
PCO	29	1988	195594.5842
POB	1	1989	165.707814
KWH	2	1989	116267.2474
SWH	3	1989	63506.76879
MWH	4	1989	970276.8396
FWH	5	1989	984613.9089
BES	6	1989	5852.022475
HOS	7	1989	60417.50621
RIS	8	1989	5325.147874
SBA	9	1989	26372.20976
SBB	10	1989	5039.106712
SHO	11	1989	597722.8227
DEO	12	1989	1495325.168
PEL	13	1989	92438.64618
PES	14	1989	468038.7448
REO	15	1989	516665.9907
DEL	16	1989	62118.67665
FLA	17	1989	87244.13733
LRD	18	1989	424792.5959
SSK	19	1989	97052.15064
MES	20	1989	4273216.321
GRH	21	1989	154924.4934
MAC	22	1989	2360774.194
HAD	23	1989	2439770.49
SAI	24	1989	736490.7303
RED	25	1989	278870.5014
BWH	26	1989	926608.611
SSH	27	1989	1516843.908
NCO	28	1989	1242718.133
PCO	29	1989	202894.0183
POB	1	1990	166.46727
KWH	2	1990	112191.9745
SWH	3	1990	62363.05197
MWH	4	1990	972555.0505
FWH	5	1990	985875.1339
BES	6	1990	5872.111171
HOS	7	1990	60545.00711
RIS	8	1990	5346.178336
SBA	9	1990	26546.24455
SBB	10	1990	5044.146837
SHO	11	1990	600615.9399
DEO	12	1990	1491308.857
PEL	13	1990	92050.21287
PES	14	1990	471145.1635
REO	15	1990	503512.6918
DEL	16	1990	62371.66103
FLA	17	1990	87289.41717
LRD	18	1990	424467.4478
SSK	19	1990	97868.41475
MES	20	1990	4150793.904
GRH	21	1990	147496.7553
MAC	22	1990	2430381.825
HAD	23	1990	2284677.708
SAI	24	1990	677547.1598
RED	25	1990	247890.8689
BWH	26	1990	933973.0714
SSH	27	1990	1556112.598
NCO	28	1990	1240810.217
PCO	29	1990	208429.4325
POB	1	1991	167.096663
KWH	2	1991	107990.0193
SWH	3	1991	61743.80502
MWH	4	1991	973173.7772
FWH	5	1991	985976.6057
BES	6	1991	5884.173581
HOS	7	1991	60555.41615
RIS	8	1991	5357.528197
SBA	9	1991	26680.73117
SBB	10	1991	5048.767062
SHO	11	1991	602404.1262
DEO	12	1991	1493852.837
PEL	13	1991	93512.44125
PES	14	1991	472347.6902
REO	15	1991	469883.8863
DEL	16	1991	61878.51689
FLA	17	1991	86988.78075
LRD	18	1991	427655.3793
SSK	19	1991	98593.76532
MES	20	1991	4196430.577
GRH	21	1991	141001.7269
MAC	22	1991	2820070.95
HAD	23	1991	2153452.424
SAI	24	1991	625106.1367
RED	25	1991	259236.8198
BWH	26	1991	938588.2884
SSH	27	1991	1574934.144
NCO	28	1991	1184085.561
PCO	29	1991	209834.4661
POB	1	1992	167.713452
KWH	2	1992	104480.2889
SWH	3	1992	60883.43231
MWH	4	1992	972450.2063
FWH	5	1992	985379.0855
BES	6	1992	5892.635546
HOS	7	1992	60721.37495
RIS	8	1992	5368.808867
SBA	9	1992	26765.31281
SBB	10	1992	5054.523829
SHO	11	1992	603143.3008
DEO	12	1992	1496622.953
PEL	13	1992	93865.16554
PES	14	1992	475005.8284
REO	15	1992	455254.8832
DEL	16	1992	61425.72056
FLA	17	1992	87044.412
LRD	18	1992	434450.0106
SSK	19	1992	99396.93739
MES	20	1992	4225216.17
GRH	21	1992	136694.211
MAC	22	1992	2731343.614
HAD	23	1992	2076278.447
SAI	24	1992	579268.6772
RED	25	1992	245737.1173
BWH	26	1992	950320.8218
SSH	27	1992	1624592.194
NCO	28	1992	1222496.067
PCO	29	1992	208158.0146
POB	1	1993	168.370853
KWH	2	1993	100352.7521
SWH	3	1993	60708.20942
MWH	4	1993	973812.044
FWH	5	1993	986278.0584
BES	6	1993	5908.018818
HOS	7	1993	60924.20215
RIS	8	1993	5376.536186
SBA	9	1993	26869.27221
SBB	10	1993	5057.939346
SHO	11	1993	605252.6824
DEO	12	1993	1492824.295
PEL	13	1993	92830.80681
PES	14	1993	476503.0579
REO	15	1993	444936.5362
DEL	16	1993	61388.02342
FLA	17	1993	86895.85709
LRD	18	1993	442686.1561
SSK	19	1993	100015.9213
MES	20	1993	4253268.554
GRH	21	1993	133580.4618
MAC	22	1993	2404309.486
HAD	23	1993	2037297.727
SAI	24	1993	540178.3788
RED	25	1993	248548.7069
BWH	26	1993	948883.1429
SSH	27	1993	1697206.749
NCO	28	1993	1248842.72
PCO	29	1993	190904.3899
POB	1	1994	168.943085
KWH	2	1994	97324.97907
SWH	3	1994	59411.78142
MWH	4	1994	973148.3623
FWH	5	1994	986300.9898
BES	6	1994	5912.730475
HOS	7	1994	61015.26972
RIS	8	1994	5375.574132
SBA	9	1994	26913.49912
SBB	10	1994	5058.116755
SHO	11	1994	605005.288
DEO	12	1994	1487415.078
PEL	13	1994	92201.51795
PES	14	1994	478945.5404
REO	15	1994	416417.8331
DEL	16	1994	61211.78883
FLA	17	1994	87020.63535
LRD	18	1994	450016.1396
SSK	19	1994	100676.6654
MES	20	1994	4088593.341
GRH	21	1994	131564.7663
MAC	22	1994	2410553.147
HAD	23	1994	1972932.754
SAI	24	1994	493802.8797
RED	25	1994	215879.914
BWH	26	1994	944955.9876
SSH	27	1994	1742296.251
NCO	28	1994	1188660.217
PCO	29	1994	196236.6611
POB	1	1995	169.573453
KWH	2	1995	95149.71011
SWH	3	1995	58744.81916
MWH	4	1995	975158.2057
FWH	5	1995	987482.5711
BES	6	1995	5936.829946
HOS	7	1995	61203.53139
RIS	8	1995	5382.677903
SBA	9	1995	27009.25541
SBB	10	1995	5063.045856
SHO	11	1995	603651.7712
DEO	12	1995	1477082.409
PEL	13	1995	92713.55291
PES	14	1995	481305.3941
REO	15	1995	399122.9731
DEL	16	1995	61790.13232
FLA	17	1995	87293.50409
LRD	18	1995	455372.7755
SSK	19	1995	100968.2279
MES	20	1995	4134325.187
GRH	21	1995	129689.8784
MAC	22	1995	2394223.438
HAD	23	1995	1916299.395
SAI	24	1995	468815.6104
RED	25	1995	199444.4939
BWH	26	1995	957274.653
SSH	27	1995	1744038.177
NCO	28	1995	1142833.136
PCO	29	1995	177941.4501
POB	1	1996	170.282433
KWH	2	1996	93162.23373
SWH	3	1996	58537.68148
MWH	4	1996	979093.006
FWH	5	1996	989559.1006
BES	6	1996	5965.111867
HOS	7	1996	61456.57054
RIS	8	1996	5399.336868
SBA	9	1996	27133.63223
SBB	10	1996	5074.459284
SHO	11	1996	605366.0375
DEO	12	1996	1473027.443
PEL	13	1996	90833.79856
PES	14	1996	482564.747
REO	15	1996	385292.3134
DEL	16	1996	61377.46524
FLA	17	1996	87089.97109
LRD	18	1996	461826.6308
SSK	19	1996	101150.1754
MES	20	1996	4069406.233
GRH	21	1996	127369.0574
MAC	22	1996	2191797.277
HAD	23	1996	1907216.894
SAI	24	1996	441409.2607
RED	25	1996	182896.7387
BWH	26	1996	949466.1629
SSH	27	1996	1814045.309
NCO	28	1996	1118562.304
PCO	29	1996	174641.7719
POB	1	1997	171.036824
KWH	2	1997	91761.56904
SWH	3	1997	58233.61125
MWH	4	1997	983076.1912
FWH	5	1997	991694.2008
BES	6	1997	5991.174127
HOS	7	1997	61606.23787
RIS	8	1997	5416.848455
SBA	9	1997	27253.02623
SBB	10	1997	5079.551027
SHO	11	1997	605876.1683
DEO	12	1997	1467400.795
PEL	13	1997	90723.6058
PES	14	1997	483561.7727
REO	15	1997	376505.4091
DEL	16	1997	61547.49498
FLA	17	1997	87235.78722
LRD	18	1997	466987.5188
SSK	19	1997	101461.4875
MES	20	1997	4084538.164
GRH	21	1997	125211.1483
MAC	22	1997	2330879.96
HAD	23	1997	1908168.882
SAI	24	1997	424577.048
RED	25	1997	201038.4283
BWH	26	1997	951486.1292
SSH	27	1997	1872062.414
NCO	28	1997	1153766.418
PCO	29	1997	175336.1166
POB	1	1998	171.618199
KWH	2	1998	90692.14856
SWH	3	1998	57742.69547
MWH	4	1998	981307.9862
FWH	5	1998	990137.1896
BES	6	1998	5996.107227
HOS	7	1998	61813.61188
RIS	8	1998	5428.929071
SBA	9	1998	27286.55315
SBB	10	1998	5082.289994
SHO	11	1998	606880.5063
DEO	12	1998	1467589.481
PEL	13	1998	92603.00589
PES	14	1998	484754.8623
REO	15	1998	386473.0824
DEL	16	1998	62073.34523
FLA	17	1998	86971.34117
LRD	18	1998	471481.296
SSK	19	1998	101661.3345
MES	20	1998	4157132.876
GRH	21	1998	124008.8262
MAC	22	1998	2361079.996
HAD	23	1998	1905704.06
SAI	24	1998	411941.5106
RED	25	1998	199919.8338
BWH	26	1998	958718.5659
SSH	27	1998	1893034.087
NCO	28	1998	1240284.333
PCO	29	1998	176789.7298
POB	1	1999	172.102967
KWH	2	1999	89564.26416
SWH	3	1999	57485.38434
MWH	4	1999	977390.5769
FWH	5	1999	986168.6134
BES	6	1999	5996.838437
HOS	7	1999	61860.84637
RIS	8	1999	5434.918833
SBA	9	1999	27279.84088
SBB	10	1999	5082.828171
SHO	11	1999	606436.1803
DEO	12	1999	1479044.574
PEL	13	1999	92645.19724
PES	14	1999	486352.4119
REO	15	1999	385417.602
DEL	16	1999	61474.85009
FLA	17	1999	86769.22647
LRD	18	1999	480362.3707
SSK	19	1999	101872.3815
MES	20	1999	4215739.042
GRH	21	1999	123021.4423
MAC	22	1999	2349594.258
HAD	23	1999	1897446.725
SAI	24	1999	405893.6059
RED	25	1999	197024.9525
BWH	26	1999	963012.4457
SSH	27	1999	1924898.747
NCO	28	1999	1199888.74
PCO	29	1999	171791.0317
POB	1	2000	172.651597
KWH	2	2000	88972.76006
SWH	3	2000	56434.86509
MWH	4	2000	981760.4333
FWH	5	2000	984082.026
BES	6	2000	6013.835314
HOS	7	2000	61700.89504
RIS	8	2000	5442.546392
SBA	9	2000	27315.02898
SBB	10	2000	5087.853115
SHO	11	2000	606148.8254
DEO	12	2000	1482462.941
PEL	13	2000	92186.49005
PES	14	2000	487929.5504
REO	15	2000	375363.156
DEL	16	2000	60694.06492
FLA	17	2000	87109.67479
LRD	18	2000	484161.9191
SSK	19	2000	102130.4153
MES	20	2000	4027947.041
GRH	21	2000	121354.4296
MAC	22	2000	2380515.399
HAD	23	2000	1888648.506
SAI	24	2000	390969.1549
RED	25	2000	170555.4399
BWH	26	2000	957730.0509
SSH	27	2000	1944892.052
NCO	28	2000	1173198.184
PCO	29	2000	175881.3653
POB	1	2001	173.127793
KWH	2	2001	88044.08234
SWH	3	2001	55915.8087
MWH	4	2001	987988.6239
FWH	5	2001	982981.6275
BES	6	2001	6022.456709
HOS	7	2001	61694.99286
RIS	8	2001	5446.743279
SBA	9	2001	27357.3616
SBB	10	2001	5090.860022
SHO	11	2001	609398.9153
DEO	12	2001	1477459.595
PEL	13	2001	92423.86173
PES	14	2001	488804.1647
REO	15	2001	369097.4441
DEL	16	2001	61369.53218
FLA	17	2001	87351.54903
LRD	18	2001	485451.2263
SSK	19	2001	102260.3491
MES	20	2001	4097937.251
GRH	21	2001	119584.527
MAC	22	2001	2403925.623
HAD	23	2001	1887803.595
SAI	24	2001	389396.6214
RED	25	2001	172970.5115
BWH	26	2001	965866.558
SSH	27	2001	1973825.48
NCO	28	2001	1254967.528
PCO	29	2001	178814.0667
POB	1	2002	173.552793
KWH	2	2002	88143.74743
SWH	3	2002	55873.15712
MWH	4	2002	993099.4072
FWH	5	2002	981308.9188
BES	6	2002	6031.936785
HOS	7	2002	61734.20495
RIS	8	2002	5449.813218
SBA	9	2002	27390.75738
SBB	10	2002	5093.109867
SHO	11	2002	609325.0804
DEO	12	2002	1469814.055
PEL	13	2002	92007.64751
PES	14	2002	489402.4746
REO	15	2002	353229.7891
DEL	16	2002	61810.2399
FLA	17	2002	87598.04192
LRD	18	2002	483599.9449
SSK	19	2002	102304.7267
MES	20	2002	4041664.233
GRH	21	2002	117277.7239
MAC	22	2002	2421100.161
HAD	23	2002	1862294.185
SAI	24	2002	387837.8431
RED	25	2002	162456.3205
BWH	26	2002	965486.5648
SSH	27	2002	1997746.167
NCO	28	2002	1136310.499
PCO	29	2002	188221.7571
POB	1	2003	173.943183
KWH	2	2003	88063.70746
SWH	3	2003	55927.02006
MWH	4	2003	996536.9079
FWH	5	2003	979195.8887
BES	6	2003	6041.215589
HOS	7	2003	61708.71696
RIS	8	2003	5451.768643
SBA	9	2003	27421.88849
SBB	10	2003	5093.923664
SHO	11	2003	608528.9852
DEO	12	2003	1464608.147
PEL	13	2003	90985.61805
PES	14	2003	489628.9327
REO	15	2003	357086.2145
DEL	16	2003	62002.43696
FLA	17	2003	87558.79393
LRD	18	2003	482628.4493
SSK	19	2003	102334.4845
MES	20	2003	3854014.172
GRH	21	2003	115904.2133
MAC	22	2003	2468794.843
HAD	23	2003	1858674.101
SAI	24	2003	386562.9068
RED	25	2003	154215.6697
BWH	26	2003	968186.782
SSH	27	2003	2002502.511
NCO	28	2003	1140034.37
PCO	29	2003	185493.0384
POB	1	2004	174.309581
KWH	2	2004	87872.2023
SWH	3	2004	55838.11354
MWH	4	2004	999251.0151
FWH	5	2004	976986.1595
BES	6	2004	6050.172672
HOS	7	2004	61716.59084
RIS	8	2004	5454.737086
SBA	9	2004	27452.27838
SBB	10	2004	5093.073074
SHO	11	2004	610681.1136
DEO	12	2004	1468664.511
PEL	13	2004	91778.95414
PES	14	2004	488428.7648
REO	15	2004	359376.0903
DEL	16	2004	61618.24972
FLA	17	2004	87206.73625
LRD	18	2004	486004.1877
SSK	19	2004	102462.4725
MES	20	2004	3952404.796
GRH	21	2004	115602.59
MAC	22	2004	2720370.236
HAD	23	2004	1893758.659
SAI	24	2004	379822.91
RED	25	2004	158589.6769
BWH	26	2004	965882.2298
SSH	27	2004	2005260.332
NCO	28	2004	1300009.371
PCO	29	2004	173591.0449
POB	1	2005	174.671037
KWH	2	2005	87818.75921
SWH	3	2005	55576.01496
MWH	4	2005	1001009.98
FWH	5	2005	974486.865
BES	6	2005	6058.668168
HOS	7	2005	61797.13094
RIS	8	2005	5456.583951
SBA	9	2005	27477.32311
SBB	10	2005	5091.104978
SHO	11	2005	610969.7833
DEO	12	2005	1472342.4
PEL	13	2005	89732.10355
PES	14	2005	485985.0769
REO	15	2005	345624.8904
DEL	16	2005	61005.36134
FLA	17	2005	86796.6127
LRD	18	2005	488532.9874
SSK	19	2005	102678.6263
MES	20	2005	4151008.791
GRH	21	2005	114049.9309
MAC	22	2005	2496728.392
HAD	23	2005	1907157.607
SAI	24	2005	376337.1246
RED	25	2005	193655.1437
BWH	26	2005	962594.0192
SSH	27	2005	2017318.347
NCO	28	2005	1292183.315
PCO	29	2005	173485.7895
POB	1	2006	175.02091
KWH	2	2006	87598.52824
SWH	3	2006	54911.64609
MWH	4	2006	1002329.88
FWH	5	2006	973373.0037
BES	6	2006	6066.648866
HOS	7	2006	61921.91958
RIS	8	2006	5457.919087
SBA	9	2006	27496.46158
SBB	10	2006	5088.743224
SHO	11	2006	612460.8426
DEO	12	2006	1481573.488
PEL	13	2006	88599.02279
PES	14	2006	483642.593
REO	15	2006	346883.0941
DEL	16	2006	60433.09223
FLA	17	2006	86476.48548
LRD	18	2006	491813.4733
SSK	19	2006	103088.5442
MES	20	2006	4208163.525
GRH	21	2006	113320.9325
MAC	22	2006	2212036.181
HAD	23	2006	1904636.04
SAI	24	2006	372357.8191
RED	25	2006	197592.4437
BWH	26	2006	963755.9345
SSH	27	2006	2030247.008
NCO	28	2006	1224248.471
PCO	29	2006	183416.2775
POB	1	2007	175.363915
KWH	2	2007	87231.18927
SWH	3	2007	54595.33442
MWH	4	2007	1003245.649
FWH	5	2007	974290.481
BES	6	2007	6074.125688
HOS	7	2007	62053.64633
RIS	8	2007	5460.715546
SBA	9	2007	27512.84032
SBB	10	2007	5085.973192
SHO	11	2007	612288.8141
DEO	12	2007	1496171.38
PEL	13	2007	88263.38314
PES	14	2007	481340.3835
REO	15	2007	341917.3586
DEL	16	2007	59137.79769
FLA	17	2007	85913.84266
LRD	18	2007	499042.7099
SSK	19	2007	103422.557
MES	20	2007	4362447.563
GRH	21	2007	113079.3818
MAC	22	2007	2177402.538
HAD	23	2007	1897396.686
SAI	24	2007	366719.701
RED	25	2007	196993.5166
BWH	26	2007	957524.3601
SSH	27	2007	2034080.541
NCO	28	2007	1173733.022
PCO	29	2007	191893.8832
POB	1	2008	175.705801
KWH	2	2008	87314.86937
SWH	3	2008	54169.96897
MWH	4	2008	1003873.782
FWH	5	2008	975688.8228
BES	6	2008	6080.892944
HOS	7	2008	62198.68946
RIS	8	2008	5462.145321
SBA	9	2008	27533.57256
SBB	10	2008	5083.056291
SHO	11	2008	612917.9412
DEO	12	2008	1496434.583
PEL	13	2008	87857.25619
PES	14	2008	479147.9292
REO	15	2008	333311.4267
DEL	16	2008	58261.33481
FLA	17	2008	85696.47309
LRD	18	2008	501425.6812
SSK	19	2008	103775.4996
MES	20	2008	4382482.658
GRH	21	2008	112710.1392
MAC	22	2008	2119314.738
HAD	23	2008	1894742.149
SAI	24	2008	363686.4308
RED	25	2008	195482.0652
BWH	26	2008	959944.9816
SSH	27	2008	2053981.847
NCO	28	2008	1256164.729
PCO	29	2008	192225.619
POB	1	2009	176.048088
KWH	2	2009	86693.49656
SWH	3	2009	53620.48372
MWH	4	2009	1003843.046
FWH	5	2009	976880.7252
BES	6	2009	6086.089907
HOS	7	2009	62275.73989
RIS	8	2009	5462.323479
SBA	9	2009	27554.72938
SBB	10	2009	5079.713955
SHO	11	2009	614165.6438
DEO	12	2009	1494851.584
PEL	13	2009	87525.5933
PES	14	2009	477728.8892
REO	15	2009	333332.7375
DEL	16	2009	58586.98177
FLA	17	2009	85697.69181
LRD	18	2009	501828.5537
SSK	19	2009	103975.4679
MES	20	2009	4318468.292
GRH	21	2009	112169.6944
MAC	22	2009	2126567.687
HAD	23	2009	1892053.625
SAI	24	2009	359343.5362
RED	25	2009	191012.4856
BWH	26	2009	952056.3789
SSH	27	2009	2043972.795
NCO	28	2009	1190630.31
PCO	29	2009	192798.0371
POB	1	2010	176.380239
KWH	2	2010	86666.89744
SWH	3	2010	53353.69044
MWH	4	2010	1004078.345
FWH	5	2010	978057.3596
BES	6	2010	6089.9113
HOS	7	2010	62408.52634
RIS	8	2010	5463.835698
SBA	9	2010	27573.44396
SBB	10	2010	5076.167147
SHO	11	2010	613854.9851
DEO	12	2010	1486314.62
PEL	13	2010	87366.48928
PES	14	2010	477188.3512
REO	15	2010	333151.963
DEL	16	2010	58919.32287
FLA	17	2010	85945.07585
LRD	18	2010	500781.4933
SSK	19	2010	104094.2259
MES	20	2010	4375231.485
GRH	21	2010	111397.7597
MAC	22	2010	2158403.897
HAD	23	2010	1879776.536
SAI	24	2010	355086.6958
RED	25	2010	197180.0572
BWH	26	2010	954081.5251
SSH	27	2010	2045831.379
NCO	28	2010	1119954.376
PCO	29	2010	192464.0706
POB	1	2011	176.69058
KWH	2	2011	86745.3091
SWH	3	2011	53368.83023
MWH	4	2011	1004053.78
FWH	5	2011	980122.3493
BES	6	2011	6093.355295
HOS	7	2011	62554.9048
RIS	8	2011	5463.526165
SBA	9	2011	27587.75334
SBB	10	2011	5072.653235
SHO	11	2011	611623.1697
DEO	12	2011	1495420.421
PEL	13	2011	89401.1454
PES	14	2011	477585.7139
REO	15	2011	323217.883
DEL	16	2011	59971.89189
FLA	17	2011	85882.417
LRD	18	2011	498193.8656
SSK	19	2011	104180.8682
MES	20	2011	4329370.603
GRH	21	2011	110966.7431
MAC	22	2011	2343692.039
HAD	23	2011	1862307.352
SAI	24	2011	353807.3177
RED	25	2011	178386.9198
BWH	26	2011	954903.8586
SSH	27	2011	2023350.014
NCO	28	2011	1105790.806
PCO	29	2011	182709.8923
POB	1	2012	176.986045
KWH	2	2012	86163.21076
SWH	3	2012	54058.08244
MWH	4	2012	1003610.851
FWH	5	2012	981655.4016
BES	6	2012	6096.380805
HOS	7	2012	62442.65436
RIS	8	2012	5461.97625
SBA	9	2012	27592.56222
SBB	10	2012	5067.89814
SHO	11	2012	612780.4393
DEO	12	2012	1483689.524
PEL	13	2012	89705.35858
PES	14	2012	476368.0924
REO	15	2012	313379.9121
DEL	16	2012	59813.44872
FLA	17	2012	85316.67647
LRD	18	2012	495631.3437
SSK	19	2012	103934.2653
MES	20	2012	4318644.229
GRH	21	2012	109640.9724
MAC	22	2012	2202911.167
HAD	23	2012	1863759.366
SAI	24	2012	352922.5493
RED	25	2012	195842.3777
BWH	26	2012	962102.3249
SSH	27	2012	2074424.404
NCO	28	2012	1197725.858
PCO	29	2012	171683.7396
POB	1	2013	177.260929
KWH	2	2013	85855.38773
SWH	3	2013	53227.11247
MWH	4	2013	1003259.949
FWH	5	2013	982935.2852
BES	6	2013	6098.87326
HOS	7	2013	62275.73983
RIS	8	2013	5464.144576
SBA	9	2013	27597.67894
SBB	10	2013	5062.870169
SHO	11	2013	611725.1691
DEO	12	2013	1477088.862
PEL	13	2013	88382.75459
PES	14	2013	474813.6705
REO	15	2013	313512.446
DEL	16	2013	59544.76065
FLA	17	2013	84805.58522
LRD	18	2013	495940.9891
SSK	19	2013	104133.7624
MES	20	2013	4400535.164
GRH	21	2013	108407.8871
MAC	22	2013	2106712.564
HAD	23	2013	1859554.202
SAI	24	2013	349630.4572
RED	25	2013	209808.2695
BWH	26	2013	955596.3357
SSH	27	2013	2082943.381
NCO	28	2013	1165383.215
PCO	29	2013	178783.7876
POB	1	2014	177.509573
KWH	2	2014	85182.96314
SWH	3	2014	52678.61138
MWH	4	2014	1002914.384
FWH	5	2014	983936.0133
BES	6	2014	6100.589083
HOS	7	2014	62229.08223
RIS	8	2014	5465.485696
SBA	9	2014	27597.96662
SBB	10	2014	5057.437065
SHO	11	2014	613208.002
DEO	12	2014	1493951.154
PEL	13	2014	87986.57652
PES	14	2014	473934.678
REO	15	2014	319609.0881
DEL	16	2014	59089.14758
FLA	17	2014	84692.02151
LRD	18	2014	502702.1022
SSK	19	2014	104466.1725
MES	20	2014	4441454.313
GRH	21	2014	108572.015
MAC	22	2014	2142028.876
HAD	23	2014	1858895.225
SAI	24	2014	348481.9259
RED	25	2014	210265.9532
BWH	26	2014	963108.5364
SSH	27	2014	2095271.609
NCO	28	2014	1155257.103
PCO	29	2014	152881.8952
POB	1	2015	177.732828
KWH	2	2015	85168.69437
SWH	3	2015	52414.07812
MWH	4	2015	1002413.806
FWH	5	2015	984619.9455
BES	6	2015	6102.34677
HOS	7	2015	62140.56386
RIS	8	2015	5464.86295
SBA	9	2015	27597.74908
SBB	10	2015	5051.802314
SHO	11	2015	611685.9227
DEO	12	2015	1505578.74
PEL	13	2015	87769.4799
PES	14	2015	472462.1964
REO	15	2015	329234.8259
DEL	16	2015	57937.19922
FLA	17	2015	84504.25141
LRD	18	2015	506579.71
SSK	19	2015	104658.4465
MES	20	2015	4339016.376
GRH	21	2015	108616.467
MAC	22	2015	2153407.343
HAD	23	2015	1873062.748
SAI	24	2015	348583.3155
RED	25	2015	203814.9981
BWH	26	2015	959182.6768
SSH	27	2015	2111917.651
NCO	28	2015	1174234.542
PCO	29	2015	160928.6122
POB	1	2016	177.950345
KWH	2	2016	84641.2828
SWH	3	2016	51944.74533
MWH	4	2016	1001647.755
FWH	5	2016	984994.3642
BES	6	2016	6104.198079
HOS	7	2016	62141.7003
RIS	8	2016	5465.103386
SBA	9	2016	27599.36975
SBB	10	2016	5045.536592
SHO	11	2016	611052.8176
DEO	12	2016	1541632.139
PEL	13	2016	87614.25336
PES	14	2016	471568.7382
REO	15	2016	330651.4348
DEL	16	2016	58195.68007
FLA	17	2016	84287.03809
LRD	18	2016	507714.6989
SSK	19	2016	104729.3625
MES	20	2016	4388648.406
GRH	21	2016	108484.7453
MAC	22	2016	2144172.559
HAD	23	2016	1900297.704
SAI	24	2016	346115.1225
RED	25	2016	200303.2733
BWH	26	2016	956964.6312
SSH	27	2016	2123913.017
NCO	28	2016	1211819.767
PCO	29	2016	153212.0859
POB	1	2017	178.161796
KWH	2	2017	84329.77881
SWH	3	2017	51957.69228
MWH	4	2017	1000785.787
FWH	5	2017	985103.1627
BES	6	2017	6101.205458
HOS	7	2017	62180.22341
RIS	8	2017	5466.182527
SBA	9	2017	27602.14665
SBB	10	2017	5039.831454
SHO	11	2017	609779.6559
DEO	12	2017	1544153.606
PEL	13	2017	89245.77981
PES	14	2017	472818.6113
REO	15	2017	327054.6109
DEL	16	2017	59108.8794
FLA	17	2017	83383.30907
LRD	18	2017	503465.162
SSK	19	2017	104466.5127
MES	20	2017	4283504.641
GRH	21	2017	109116.195
MAC	22	2017	2297397.811
HAD	23	2017	1887268.576
SAI	24	2017	348909.364
RED	25	2017	188119.134
BWH	26	2017	961588.3362
SSH	27	2017	2124941.085
NCO	28	2017	1197206.186
PCO	29	2017	156180.13
POB	1	2018	178.358578
KWH	2	2018	84051.02396
SWH	3	2018	51846.58954
MWH	4	2018	986709.2623
FWH	5	2018	979981.3891
BES	6	2018	6092.973362
HOS	7	2018	62177.07515
RIS	8	2018	5465.527812
SBA	9	2018	27600.90874
SBB	10	2018	5033.943954
SHO	11	2018	611855.562
DEO	12	2018	1508561.182
PEL	13	2018	88442.66853
PES	14	2018	474265.2544
REO	15	2018	323245.3562
DEL	16	2018	59082.35644
FLA	17	2018	82828.79406
LRD	18	2018	500997.7307
SSK	19	2018	104390.2348
MES	20	2018	4092329.004
GRH	21	2018	109514.5074
MAC	22	2018	2173013.864
HAD	23	2018	1859628.157
SAI	24	2018	346036.3126
RED	25	2018	169716.8001
BWH	26	2018	965634.6563
SSH	27	2018	2093147.411
NCO	28	2018	1176338.461
PCO	29	2018	152045.9796
POB	1	2019	178.548059
KWH	2	2019	83664.85023
SWH	3	2019	52014.6549
MWH	4	2019	978593.4462
FWH	5	2019	977470.812
BES	6	2019	6085.589613
HOS	7	2019	62225.82588
RIS	8	2019	5465.58865
SBA	9	2019	27597.33473
SBB	10	2019	5026.824117
SHO	11	2019	613047.295
DEO	12	2019	1490250.97
PEL	13	2019	87198.3563
PES	14	2019	471609.1494
REO	15	2019	319246.9049
DEL	16	2019	58836.83485
FLA	17	2019	81848.76512
LRD	18	2019	497902.0992
SSK	19	2019	103984.6073
MES	20	2019	4234038.977
GRH	21	2019	108782.3287
MAC	22	2019	2144476.63
HAD	23	2019	1851255.998
SAI	24	2019	345236.9989
RED	25	2019	199542.2025
BWH	26	2019	962029.1289
SSH	27	2019	2115064.574
NCO	28	2019	1168262.625
PCO	29	2019	157977.0133
POB	1	2020	178.729498
KWH	2	2020	82814.92642
SWH	3	2020	51376.98723
MWH	4	2020	983601.9032
FWH	5	2020	978642.3051
BES	6	2020	6099.214721
HOS	7	2020	62289.8107
RIS	8	2020	5462.783137
SBA	9	2020	27597.89902
SBB	10	2020	5019.564273
SHO	11	2020	613018.2447
DEO	12	2020	1477578.73
PEL	13	2020	86197.1573
PES	14	2020	468739.8397
REO	15	2020	311343.7639
DEL	16	2020	58564.5009
FLA	17	2020	81183.87266
LRD	18	2020	498572.164
SSK	19	2020	104097.6502
MES	20	2020	4293239.813
GRH	21	2020	107631.6765
MAC	22	2020	2169923.052
HAD	23	2020	1866638.341
SAI	24	2020	342820.0778
RED	25	2020	198554.8253
BWH	26	2020	951531.0442
SSH	27	2020	2127608.744
NCO	28	2020	1244362.417
PCO	29	2020	151912.6789
POB	1	2021	178.903637
KWH	2	2021	82572.5122
SWH	3	2021	51056.51343
MWH	4	2021	986166.0604
FWH	5	2021	979148.9887
BES	6	2021	6105.095786
HOS	7	2021	62287.48244
RIS	8	2021	5461.339909
SBA	9	2021	27597.04099
SBB	10	2021	5012.326954
SHO	11	2021	613149.0687
DEO	12	2021	1463029.245
PEL	13	2021	85861.3545
PES	14	2021	465972.9715
REO	15	2021	315575.6258
DEL	16	2021	58480.68356
FLA	17	2021	80777.4489
LRD	18	2021	497430.6136
SSK	19	2021	104184.0268
MES	20	2021	4280597.564
GRH	21	2021	106919.5512
MAC	22	2021	2123648.968
HAD	23	2021	1851890.31
SAI	24	2021	342169.4232
RED	25	2021	196369.1394
BWH	26	2021	959294.876
SSH	27	2021	2121323.159
NCO	28	2021	1229639.113
PCO	29	2021	140474.214
POB	1	2022	179.071153
KWH	2	2022	82481.59106
SWH	3	2022	50729.14374
MWH	4	2022	987206.5683
FWH	5	2022	979147.5521
BES	6	2022	6108.086506
HOS	7	2022	62340.59602
RIS	8	2022	5461.211967
SBA	9	2022	27594.27213
SBB	10	2022	5004.685437
SHO	11	2022	615198.5604
DEO	12	2022	1470060.624
PEL	13	2022	85814.38
PES	14	2022	464089.5714
REO	15	2022	323760.3654
DEL	16	2022	57599.23188
FLA	17	2022	80493.18227
LRD	18	2022	503835.6082
SSK	19	2022	104297.1499
MES	20	2022	4372854.976
GRH	21	2022	107256.3251
MAC	22	2022	2185788.964
HAD	23	2022	1843610.905
SAI	24	2022	340647.221
RED	25	2022	197058.5196
BWH	26	2022	952567.9775
SSH	27	2022	2131832.086
NCO	28	2022	1194269.44
PCO	29	2022	136612.0382
POB	1	2023	179.232711
KWH	2	2023	82057.22858
SWH	3	2023	50559.23429
MWH	4	2023	987465.5033
FWH	5	2023	978794.1082
BES	6	2023	6109.966565
HOS	7	2023	62404.5015
RIS	8	2023	5459.66767
SBA	9	2023	27591.7024
SBB	10	2023	4997.757296
SHO	11	2023	614157.8221
DEO	12	2023	1480251.063
PEL	13	2023	87511.03522
PES	14	2023	466341.2735
REO	15	2023	336860.8118
DEL	16	2023	57718.89047
FLA	17	2023	81228.86978
LRD	18	2023	508697.4339
SSK	19	2023	104506.7606
MES	20	2023	4310201.165
GRH	21	2023	108691.3861
MAC	22	2023	2312671.959
HAD	23	2023	1858900.572
SAI	24	2023	342378.1144
RED	25	2023	188149.2083
BWH	26	2023	957874.1771
SSH	27	2023	2131563.56
NCO	28	2023	1215611.021
PCO	29	2023	144263.1899
POB	1	2024	179.388883
KWH	2	2024	81793.19718
SWH	3	2024	50363.2733
MWH	4	2024	986809.2756
FWH	5	2024	977986.7149
BES	6	2024	6111.984769
HOS	7	2024	62431.42243
RIS	8	2024	5458.339892
SBA	9	2024	27588.34116
SBB	10	2024	4990.950702
SHO	11	2024	612178.0965
DEO	12	2024	1458057.557
PEL	13	2024	87541.02944
PES	14	2024	469307.0372
REO	15	2024	326347.922
DEL	16	2024	58287.92741
FLA	17	2024	82230.73461
LRD	18	2024	503556.641
SSK	19	2024	104383.7621
MES	20	2024	4092952.351
GRH	21	2024	109053.9142
MAC	22	2024	2382280.346
HAD	23	2024	1839153.375
SAI	24	2024	335214.0032
RED	25	2024	158412.9387
BWH	26	2024	955476.0592
SSH	27	2024	2134025.729
NCO	28	2024	1136071.42
PCO	29	2024	136826.427
POB	1	2025	179.539767
KWH	2	2025	81228.57692
SWH	3	2025	50523.97702
MWH	4	2025	986391.981
FWH	5	2025	977125.9137
BES	6	2025	6113.764726
HOS	7	2025	62523.20453
RIS	8	2025	5458.844617
SBA	9	2025	27584.30817
SBB	10	2025	4983.634379
SHO	11	2025	611138.0426
DEO	12	2025	1435971.566
PEL	13	2025	87695.20644
PES	14	2025	470294.7647
REO	15	2025	311081.1654
DEL	16	2025	58927.59599
FLA	17	2025	83325.42266
LRD	18	2025	498352.5686
SSK	19	2025	104285.3925
MES	20	2025	4173421.012
GRH	21	2025	108043.5396
MAC	22	2025	2409777.306
HAD	23	2025	1805729.975
SAI	24	2025	336231.5721
RED	25	2025	163977.8302
BWH	26	2025	963238.0412
SSH	27	2025	2125695.006
NCO	28	2025	1080626.209
PCO	29	2025	145358.5735
POB	1	2026	179.680201
KWH	2	2026	80496.18714
SWH	3	2026	50458.92392
MWH	4	2026	985975.7863
FWH	5	2026	976062.3343
BES	6	2026	6115.253103
HOS	7	2026	62466.82367
RIS	8	2026	5457.613488
SBA	9	2026	27580.61999
SBB	10	2026	4977.02691
SHO	11	2026	608821.5538
DEO	12	2026	1431263.012
PEL	13	2026	89462.61012
PES	14	2026	472158.3905
REO	15	2026	302329.5409
DEL	16	2026	59654.15093
FLA	17	2026	84249.54797
LRD	18	2026	498120.3691
SSK	19	2026	104444.1822
MES	20	2026	4133508.129
GRH	21	2026	107773.2749
MAC	22	2026	2513478.181
HAD	23	2026	1812824.702
SAI	24	2026	339476.4866
RED	25	2026	177475.2104
BWH	26	2026	970764.7439
SSH	27	2026	2129906.898
NCO	28	2026	1200141.51
PCO	29	2026	147595.9527
POB	1	2027	179.817895
KWH	2	2027	79604.77096
SWH	3	2027	50749.4826
MWH	4	2027	985619.7212
FWH	5	2027	974840.7948
BES	6	2027	6116.804489
HOS	7	2027	62172.06959
RIS	8	2027	5457.660949
SBA	9	2027	27577.55623
SBB	10	2027	4969.420336
SHO	11	2027	608229.5682
DEO	12	2027	1421378.909
PEL	13	2027	87687.57389
PES	14	2027	470181.2321
REO	15	2027	293567.8083
DEL	16	2027	59060.6215
FLA	17	2027	84278.1412
LRD	18	2027	497644.4911
SSK	19	2027	104387.2027
MES	20	2027	4165159.454
GRH	21	2027	106719.0822
MAC	22	2027	2333231.988
HAD	23	2027	1826369.81
SAI	24	2027	339440.0153
RED	25	2027	188244.6508
BWH	26	2027	964651.8328
SSH	27	2027	2123620.779
NCO	28	2027	1227850.985
PCO	29	2027	153765.2751
POB	1	2028	179.952235
KWH	2	2028	78930.75972
SWH	3	2028	50189.75221
MWH	4	2028	984750.1886
FWH	5	2028	973332.7933
BES	6	2028	6118.278345
HOS	7	2028	62034.75928
RIS	8	2028	5458.716539
SBA	9	2028	27573.90973
SBB	10	2028	4961.864947
SHO	11	2028	610493.1907
DEO	12	2028	1421756.298
PEL	13	2028	85959.62285
PES	14	2028	466509.2346
REO	15	2028	305700.0753
DEL	16	2028	58558.91094
FLA	17	2028	84073.95375
LRD	18	2028	499287.4912
SSK	19	2028	104639.2752
MES	20	2028	4299309.982
GRH	21	2028	106377.5745
MAC	22	2028	2239398.629
HAD	23	2028	1823381.28
SAI	24	2028	337691.1835
RED	25	2028	180375.4521
BWH	26	2028	961278.0242
SSH	27	2028	2103866.525
NCO	28	2028	1207511.892
PCO	29	2028	155620.1458
POB	1	2029	180.082407
KWH	2	2029	78391.39519
SWH	3	2029	49800.06053
MWH	4	2029	984147.9708
FWH	5	2029	971859.0548
BES	6	2029	6119.702542
HOS	7	2029	61982.71775
RIS	8	2029	5458.127132
SBA	9	2029	27570.26497
SBB	10	2029	4954.392156
SHO	11	2029	609980.6448
DEO	12	2029	1442509.793
PEL	13	2029	85974.40239
PES	14	2029	463673.0403
REO	15	2029	324233.8087
DEL	16	2029	56916.31412
FLA	17	2029	84094.30296
LRD	18	2029	508382.931
SSK	19	2029	104964.4127
MES	20	2029	4405060.134
GRH	21	2029	107042.9637
MAC	22	2029	2241270.237
HAD	23	2029	1840833.453
SAI	24	2029	339112.5001
RED	25	2029	199012.2734
BWH	26	2029	961792.2589
SSH	27	2029	2091266.146
NCO	28	2029	1193237.675
PCO	29	2029	163510.7739
POB	1	2030	180.208129
KWH	2	2030	77940.36819
SWH	3	2030	49317.9986
MWH	4	2030	983544.0636
FWH	5	2030	970274.7901
BES	6	2030	6121.12472
HOS	7	2030	61939.98794
RIS	8	2030	5456.835159
SBA	9	2030	27566.57744
SBB	10	2030	4946.578475
SHO	11	2030	607336.6825
DEO	12	2030	1456653.816
PEL	13	2030	85110.43962
PES	14	2030	461393.8622
REO	15	2030	323357.6296
DEL	16	2030	56409.07605
FLA	17	2030	84322.43219
LRD	18	2030	510974.1867
SSK	19	2030	105055.2195
MES	20	2030	4287038.849
GRH	21	2030	107378.1209
MAC	22	2030	2206688.964
HAD	23	2030	1863035.362
SAI	24	2030	339919.7822
RED	25	2030	191698.327
BWH	26	2030	960147.1572
SSH	27	2030	2121764.204
NCO	28	2030	1220557.803
PCO	29	2030	177988.111
POB	1	2031	180.329524
KWH	2	2031	77465.37486
SWH	3	2031	49305.72044
MWH	4	2031	982693.8514
FWH	5	2031	968572.1756
BES	6	2031	6122.485448
HOS	7	2031	61891.25827
RIS	8	2031	5458.186263
SBA	9	2031	27562.4428
SBB	10	2031	4939.153782
SHO	11	2031	604915.1467
DEO	12	2031	1451238.939
PEL	13	2031	84723.18084
PES	14	2031	459273.2054
REO	15	2031	308236.4543
DEL	16	2031	56859.28245
FLA	17	2031	84181.31832
LRD	18	2031	507131.4008
SSK	19	2031	104955.2918
MES	20	2031	4387459.018
GRH	21	2031	107407.4483
MAC	22	2031	2383014.262
HAD	23	2031	1847290.659
SAI	24	2031	337090.5504
RED	25	2031	187787.7444
BWH	26	2031	959226.3746
SSH	27	2031	2117882.718
NCO	28	2031	1151342.215
PCO	29	2031	189624.1975
POB	1	2032	180.446489
KWH	2	2032	76770.40169
SWH	3	2032	49087.97496
MWH	4	2032	981631.4501
FWH	5	2032	966699.8262
BES	6	2032	6123.81746
HOS	7	2032	61855.58614
RIS	8	2032	5457.861207
SBA	9	2032	27559.12264
SBB	10	2032	4931.797384
SHO	11	2032	605904.511
DEO	12	2032	1440182.4
PEL	13	2032	84840.9186
PES	14	2032	458177.7969
REO	15	2032	300028.3664
DEL	16	2032	57250.10364
FLA	17	2032	84235.75577
LRD	18	2032	505072.5601
SSK	19	2032	105092.1088
MES	20	2032	4407730.801
GRH	21	2032	107399.3409
MAC	22	2032	2379237.288
HAD	23	2032	1835854.791
SAI	24	2032	336232.2795
RED	25	2032	198588.6094
BWH	26	2032	961938.5173
SSH	27	2032	2107976.218
NCO	28	2032	1165018.551
PCO	29	2032	182906.8353
POB	1	2033	180.559282
KWH	2	2033	76439.30684
SWH	3	2033	49144.44551
MWH	4	2033	981018.0972
FWH	5	2033	965025.3506
BES	6	2033	6125.162204
HOS	7	2033	61821.06637
RIS	8	2033	5456.121139
SBA	9	2033	27554.96395
SBB	10	2033	4924.698447
SHO	11	2033	607178.0385
DEO	12	2033	1428762.482
PEL	13	2033	86507.32649
PES	14	2033	460393.4192
REO	15	2033	302689.4342
DEL	16	2033	57964.13012
FLA	17	2033	84610.63492
LRD	18	2033	504507.278
SSK	19	2033	105200.303
MES	20	2033	4274612.948
GRH	21	2033	107778.0779
MAC	22	2033	2422344.755
HAD	23	2033	1834469.256
SAI	24	2033	338301.3639
RED	25	2033	198617.8529
BWH	26	2033	961962.9089
SSH	27	2033	2106409.3
NCO	28	2033	1183304.609
PCO	29	2033	178181.4899
POB	1	2034	180.668956
KWH	2	2034	75576.90025
SWH	3	2034	48324.32979
MWH	4	2034	980457.8215
FWH	5	2034	963446.2895
BES	6	2034	6126.481248
HOS	7	2034	61826.65637
RIS	8	2034	5455.583803
SBA	9	2034	27550.84957
SBB	10	2034	4918.041617
SHO	11	2034	604361.8201
DEO	12	2034	1411102.195
PEL	13	2034	86811.44238
PES	14	2034	463805.3168
REO	15	2034	286407.326
DEL	16	2034	58026.46678
FLA	17	2034	85253.64323
LRD	18	2034	500316.7301
SSK	19	2034	105052.9144
MES	20	2034	4222991.292
GRH	21	2034	107382.9841
MAC	22	2034	2491799.565
HAD	23	2034	1811200.005
SAI	24	2034	329252.8201
RED	25	2034	165341.3478
BWH	26	2034	956482.0871
SSH	27	2034	2111187.869
NCO	28	2034	1131119.478
PCO	29	2034	185442.5595
POB	1	2035	180.775771
KWH	2	2035	75783.34116
SWH	3	2035	48684.62621
MWH	4	2035	979496.8108
FWH	5	2035	961866.5828
BES	6	2035	6127.782453
HOS	7	2035	61932.66701
RIS	8	2035	5455.409651
SBA	9	2035	27546.61225
SBB	10	2035	4910.84356
SHO	11	2035	602441.378
DEO	12	2035	1397844.417
PEL	13	2035	86428.82367
PES	14	2035	464956.7562
REO	15	2035	298633.3717
DEL	16	2035	58607.21529
FLA	17	2035	85287.60108
LRD	18	2035	495876.4981
SSK	19	2035	104902.8893
MES	20	2035	4161577.337
GRH	21	2035	106900.1625
MAC	22	2035	2416167.904
HAD	23	2035	1786723.044
SAI	24	2035	333431.0572
RED	25	2035	160043.6309
BWH	26	2035	966776.6258
SSH	27	2035	2088736.07
NCO	28	2035	1076031.186
PCO	29	2035	184505.6637
POB	1	2036	180.879916
KWH	2	2036	75722.78958
SWH	3	2036	49051.78927
MWH	4	2036	978774.1851
FWH	5	2036	960317.4294
BES	6	2036	6129.099075
HOS	7	2036	61942.43716
RIS	8	2036	5453.872286
SBA	9	2036	27542.45446
SBB	10	2036	4903.238502
SHO	11	2036	603228.26
DEO	12	2036	1399252.338
PEL	13	2036	86513.00229
PES	14	2036	464468.2866
REO	15	2036	312466.0127
DEL	16	2036	57535.92718
FLA	17	2036	85219.11972
LRD	18	2036	497941.7597
SSK	19	2036	104852.3603
MES	20	2036	4210559.228
GRH	21	2036	106737.998
MAC	22	2036	2680387.459
HAD	23	2036	1784772.985
SAI	24	2036	334240.8412
RED	25	2036	164599.9945
BWH	26	2036	963060.28
SSH	27	2036	2093373.002
NCO	28	2036	1137052.944
PCO	29	2036	194868.0948
POB	1	2037	180.97843
KWH	2	2037	75857.17683
SWH	3	2037	48952.96653
MWH	4	2037	977755.0849
FWH	5	2037	958704.232
BES	6	2037	6130.456143
HOS	7	2037	62100.53473
RIS	8	2037	5454.341827
SBA	9	2037	27538.00403
SBB	10	2037	4896.261148
SHO	11	2037	602295.0051
DEO	12	2037	1399301.507
PEL	13	2037	86862.51389
PES	14	2037	465372.979
REO	15	2037	318733.1261
DEL	16	2037	57698.97265
FLA	17	2037	85129.46444
LRD	18	2037	498169.9916
SSK	19	2037	104812.4381
MES	20	2037	4142855.893
GRH	21	2037	107304.8612
MAC	22	2037	2424304.35
HAD	23	2037	1788806.167
SAI	24	2037	335286.8094
RED	25	2037	159400.898
BWH	26	2037	969788.6028
SSH	27	2037	2098981.365
NCO	28	2037	1199043.863
PCO	29	2037	193818.9059
POB	1	2038	181.073013
KWH	2	2038	75154.1583
SWH	3	2038	49357.9773
MWH	4	2038	976221.6816
FWH	5	2038	956947.0142
BES	6	2038	6131.826065
HOS	7	2038	62153.63983
RIS	8	2038	5453.306788
SBA	9	2038	27533.62375
SBB	10	2038	4888.622027
SHO	11	2038	603319.2796
DEO	12	2038	1415918.901
PEL	13	2038	85490.04504
PES	14	2038	461788.4264
REO	15	2038	311075.4079
DEL	16	2038	57397.64808
FLA	17	2038	84540.7557
LRD	18	2038	497539.2124
SSK	19	2038	104682.4994
MES	20	2038	4262971.392
GRH	21	2038	106811.2601
MAC	22	2038	2505515.724
HAD	23	2038	1796753.909
SAI	24	2038	334603.7056
RED	25	2038	181559.9176
BWH	26	2038	964277.287
SSH	27	2038	2098875.434
NCO	28	2038	1244908.429
PCO	29	2038	209928.2127
POB	1	2039	181.16734
KWH	2	2039	74880.48865
SWH	3	2039	48722.38074
MWH	4	2039	972947.6268
FWH	5	2039	954613.2911
BES	6	2039	6133.16278
HOS	7	2039	61995.97299
RIS	8	2039	5450.495904
SBA	9	2039	27528.90205
SBB	10	2039	4880.602142
SHO	11	2039	601739.8043
DEO	12	2039	1404657.001
PEL	13	2039	84732.61302
PES	14	2039	457709.9613
REO	15	2039	294557.3709
DEL	16	2039	57034.97077
FLA	17	2039	84047.56354
LRD	18	2039	497980.34
SSK	19	2039	104817.2476
MES	20	2039	4236117.852
GRH	21	2039	105759.3189
MAC	22	2039	2246659.601
HAD	23	2039	1791904.001
SAI	24	2039	335858.2768
RED	25	2039	185683.5063
BWH	26	2039	975209.4254
SSH	27	2039	2084842.63
NCO	28	2039	1211710.648
PCO	29	2039	202292.6514
POB	1	2040	181.260624
KWH	2	2040	74335.13973
SWH	3	2040	48217.26825
MWH	4	2040	972824.5618
FWH	5	2040	953183.9887
BES	6	2040	6134.55449
HOS	7	2040	61751.23418
RIS	8	2040	5451.42057
SBA	9	2040	27524.38928
SBB	10	2040	4873.209817
SHO	11	2040	603616.186
DEO	12	2040	1395951.284
PEL	13	2040	84483.76593
PES	14	2040	453696.5991
REO	15	2040	288804.9529
DEL	16	2040	56734.77075
FLA	17	2040	83695.72896
LRD	18	2040	499424.129
SSK	19	2040	104951.5456
MES	20	2040	4317231.91
GRH	21	2040	105216.9529
MAC	22	2040	2264805.381
HAD	23	2040	1797022.631
SAI	24	2040	335317.9506
RED	25	2040	193939.3553
BWH	26	2040	971667.2255
SSH	27	2040	2098819.451
NCO	28	2040	1212383.308
PCO	29	2040	206616.2533
POB	1	2041	181.352478
KWH	2	2041	73996.404
SWH	3	2041	47767.62153
MWH	4	2041	972190.545
FWH	5	2041	951638.815
BES	6	2041	6135.945636
HOS	7	2041	61575.53534
RIS	8	2041	5451.441196
SBA	9	2041	27519.17981
SBB	10	2041	4865.885152
SHO	11	2041	604186.04
DEO	12	2041	1398716.857
PEL	13	2041	84317.53549
PES	14	2041	450468.1595
REO	15	2041	300113.2767
DEL	16	2041	56670.354
FLA	17	2041	83236.38937
LRD	18	2041	502532.7531
SSK	19	2041	105148.8529
MES	20	2041	4399131.715
GRH	21	2041	105869.2427
MAC	22	2041	2281741.267
HAD	23	2041	1798840.682
SAI	24	2041	334938.1583
RED	25	2041	185949.2805
BWH	26	2041	966570.1907
SSH	27	2041	2086795.212
NCO	28	2041	1144856.631
PCO	29	2041	204744.7925
POB	1	2042	181.442797
KWH	2	2042	73819.47067
SWH	3	2042	47610.64767
MWH	4	2042	971603.2055
FWH	5	2042	950123.0711
BES	6	2042	6137.334186
HOS	7	2042	61463.52501
RIS	8	2042	5449.80713
SBA	9	2042	27514.22932
SBB	10	2042	4858.616886
SHO	11	2042	604217.2135
DEO	12	2042	1406994.03
PEL	13	2042	83668.69623
PES	14	2042	447404.9035
REO	15	2042	310679.5287
DEL	16	2042	55723.0197
FLA	17	2042	82893.40745
LRD	18	2042	507594.9022
SSK	19	2042	105313.1928
MES	20	2042	4319485.931
GRH	21	2042	106729.7378
MAC	22	2042	2202071.817
HAD	23	2042	1795326.99
SAI	24	2042	336414.035
RED	25	2042	182503.4382
BWH	26	2042	965280.2795
SSH	27	2042	2070394.913
NCO	28	2042	1137298.715
PCO	29	2042	212511.3539
POB	1	2043	181.531563
KWH	2	2043	73479.98299
SWH	3	2043	47591.51284
MWH	4	2043	970653.0393
FWH	5	2043	948510.5166
BES	6	2043	6138.728957
HOS	7	2043	61431.46465
RIS	8	2043	5449.030165
SBA	9	2043	27509.00413
SBB	10	2043	4850.936201
SHO	11	2043	604895.0186
DEO	12	2043	1400635.562
PEL	13	2043	84246.04659
PES	14	2043	445771.2587
REO	15	2043	317607.4302
DEL	16	2043	55578.27696
FLA	17	2043	82926.78489
LRD	18	2043	507355.9908
SSK	19	2043	105414.84
MES	20	2043	4458205.811
GRH	21	2043	106941.6874
MAC	22	2043	2502856.425
HAD	23	2043	1798517.651
SAI	24	2043	335913.3152
RED	25	2043	193537.8957
BWH	26	2043	972280.3231
SSH	27	2043	2077259.646
NCO	28	2043	1198505.569
PCO	29	2043	200518.5826
POB	1	2044	181.618812
KWH	2	2044	72998.5114
SWH	3	2044	47288.53865
MWH	4	2044	969573.6209
FWH	5	2044	946834.877
BES	6	2044	6140.096749
HOS	7	2044	61546.61708
RIS	8	2044	5448.702456
SBA	9	2044	27503.37264
SBB	10	2044	4843.597706
SHO	11	2044	602221.0132
DEO	12	2044	1400990.955
PEL	13	2044	83469.17772
PES	14	2044	444127.4102
REO	15	2044	311058.3862
DEL	16	2044	55497.75049
FLA	17	2044	82691.61169
LRD	18	2044	506057.3037
SSK	19	2044	105295.7435
MES	20	2044	4367528.019
GRH	21	2044	106581.4458
MAC	22	2044	2234260.6
HAD	23	2044	1818509.259
SAI	24	2044	335998.1205
RED	25	2044	197036.4769
BWH	26	2044	971211.8656
SSH	27	2044	2095191.748
NCO	28	2044	1247459.437
PCO	29	2044	195680.9409
POB	1	2045	181.704637
KWH	2	2045	72870.88721
SWH	3	2045	47185.69978
MWH	4	2045	968613.618
FWH	5	2045	945041.3777
BES	6	2045	6141.429906
HOS	7	2045	61406.02008
RIS	8	2045	5447.08355
SBA	9	2045	27498.01532
SBB	10	2045	4836.271576
SHO	11	2045	600723.3865
DEO	12	2045	1389057.469
PEL	13	2045	82743.52773
PES	14	2045	442883.1137
REO	15	2045	294955.4465
DEL	16	2045	55738.21781
FLA	17	2045	82564.41736
LRD	18	2045	500675.2204
SSK	19	2045	105181.3364
MES	20	2045	4305206.453
GRH	21	2045	105442.3611
MAC	22	2045	2389868.003
HAD	23	2045	1800457.9
SAI	24	2045	334759.3718
RED	25	2045	190433.4548
BWH	26	2045	970782.8511
SSH	27	2045	2078349.214
NCO	28	2045	1176153.777
PCO	29	2045	195492.3869
POB	1	2046	181.789095
KWH	2	2046	72470.22973
SWH	3	2046	46916.17258
MWH	4	2046	967517.3532
FWH	5	2046	943174.6591
BES	6	2046	6142.73384
HOS	7	2046	61340.92244
RIS	8	2046	5447.593661
SBA	9	2046	27492.33893
SBB	10	2046	4828.975145
SHO	11	2046	602203.8322
DEO	12	2046	1373902.057
PEL	13	2046	82632.12799
PES	14	2046	441868.5823
REO	15	2046	288961.5868
DEL	16	2046	55893.20192
FLA	17	2046	82368.09677
LRD	18	2046	495134.0285
SSK	19	2046	104967.5638
MES	20	2046	4365415.038
GRH	21	2046	103962.231
MAC	22	2046	2385234.301
HAD	23	2046	1773073.508
SAI	24	2046	332762.9935
RED	25	2046	193159.0159
BWH	26	2046	961329.0667
SSH	27	2046	2073396.371
NCO	28	2046	1154192.084
PCO	29	2046	198093.3345
POB	1	2047	180.872832
KWH	2	2047	72367.09177
SWH	3	2047	46653.36034
MWH	4	2047	955589.4245
FWH	5	2047	936940.8753
BES	6	2047	6073.076565
HOS	7	2047	61049.43342
RIS	8	2047	5431.104549
SBA	9	2047	27252.02409
SBB	10	2047	4760.744777
SHO	11	2047	596841.9298
DEO	12	2047	1365054.566
PEL	13	2047	79538.42961
PES	14	2047	439853.3182
REO	15	2047	303198.3573
DEL	16	2047	55812.96721
FLA	17	2047	81975.22799
LRD	18	2047	492873.8999
SSK	19	2047	104935.0226
MES	20	2047	4407364.911
GRH	21	2047	102830.0149
MAC	22	2047	2384047.998
HAD	23	2047	1760921.627
SAI	24	2047	334223.6448
RED	25	2047	195766.7641
BWH	26	2047	966381.63
SSH	27	2047	2068242.686
NCO	28	2047	1082851.551
PCO	29	2047	182779.0314
POB	1	2048	180.351346
KWH	2	2048	71950.54929
SWH	3	2048	46661.9601
MWH	4	2048	954539.1124
FWH	5	2048	936039.2031
BES	6	2048	6047.95672
HOS	7	2048	61199.61939
RIS	8	2048	5416.861746
SBA	9	2048	27145.22979
SBB	10	2048	4792.869539
SHO	11	2048	598193.4171
DEO	12	2048	1380927.71
PEL	13	2048	81505.1581
PES	14	2048	439513.8341
REO	15	2048	310828.6684
DEL	16	2048	55746.26819
FLA	17	2048	81947.5792
LRD	18	2048	495696.1074
SSK	19	2048	104815.7438
MES	20	2048	4320410.897
GRH	21	2048	102570.4281
MAC	22	2048	2290623.785
HAD	23	2048	1806208.663
SAI	24	2048	332866.2975
RED	25	2048	199967.1263
BWH	26	2048	957908.8392
SSH	27	2048	2071686.593
NCO	28	2048	1166418.884
PCO	29	2048	183779.4524
POB	1	2049	180.193133
KWH	2	2049	71683.62844
SWH	3	2049	46783.71931
MWH	4	2049	953721.1981
FWH	5	2049	934936.9027
BES	6	2049	6050.598563
HOS	7	2049	61355.37149
RIS	8	2049	5418.843552
SBA	9	2049	27075.71567
SBB	10	2049	4814.176657
SHO	11	2049	602035.5077
DEO	12	2049	1390498.231
PEL	13	2049	84178.57628
PES	14	2049	442521.1605
REO	15	2049	304212.5134
DEL	16	2049	55199.85937
FLA	17	2049	82406.03539
LRD	18	2049	501607.1944
SSK	19	2049	105115.5833
MES	20	2049	4524165.109
GRH	21	2049	103420.0221
MAC	22	2049	2395455.127
HAD	23	2049	1803052.479
SAI	24	2049	332394.1655
RED	25	2049	188565.0667
BWH	26	2049	960918.5921
SSH	27	2049	2056058.281
NCO	28	2049	1161870.625
PCO	29	2049	174608.7547
POB	1	2050	180.082909
KWH	2	2050	71918.43647
SWH	3	2050	46748.30845
MWH	4	2050	951836.8697
FWH	5	2050	933190.5524
BES	6	2050	6048.206749
HOS	7	2050	61287.84024
RIS	8	2050	5424.665156
SBA	9	2050	27013.9944
SBB	10	2050	4837.978365
SHO	11	2050	605519.411
DEO	12	2050	1394828.771
PEL	13	2050	86671.96556
PES	14	2050	445006.159
REO	15	2050	308193.7417
DEL	16	2050	54973.17046
FLA	17	2050	82415.15479
LRD	18	2050	503536.8064
SSK	19	2050	105156.0836
MES	20	2050	4415265.069
GRH	21	2050	104250.3029
MAC	22	2050	2080309.215
HAD	23	2050	1814609.38
SAI	24	2050	334312.0169
RED	25	2050	212686.9564
BWH	26	2050	959672.7603
SSH	27	2050	2058707.703
NCO	28	2050	1195936.737
PCO	29	2050	173965.4821
POB	1	2051	179.866467
KWH	2	2051	71666.79022
SWH	3	2051	46805.14951
MWH	4	2051	948802.5934
FWH	5	2051	930733.8215
BES	6	2051	6031.630041
HOS	7	2051	61214.19305
RIS	8	2051	5424.161202
SBA	9	2051	26923.94209
SBB	10	2051	4858.17893
SHO	11	2051	608413.7501
DEO	12	2051	1401124.851
PEL	13	2051	91182.9895
PES	14	2051	453602.6143
REO	15	2051	317760.1049
DEL	16	2051	56474.5095
FLA	17	2051	83165.20919
LRD	18	2051	503786.8515
SSK	19	2051	105314.6062
MES	20	2051	4317550.758
GRH	21	2051	105879.7111
MAC	22	2051	2353053.988
HAD	23	2051	1838752.423
SAI	24	2051	334879.5701
RED	25	2051	188350.761
BWH	26	2051	959942.0716
SSH	27	2051	2039936.452
NCO	28	2051	1196176.286
PCO	29	2051	167448.6353
POB	1	2052	179.589671
KWH	2	2052	71797.13936
SWH	3	2052	47587.77222
MWH	4	2052	946562.027
FWH	5	2052	928704.2832
BES	6	2052	6017.127894
HOS	7	2052	61212.6473
RIS	8	2052	5419.201171
SBA	9	2052	26836.90193
SBB	10	2052	4870.105707
SHO	11	2052	611925.734
DEO	12	2052	1385596.478
PEL	13	2052	93693.56179
PES	14	2052	461071.3205
REO	15	2052	313228.5059
DEL	16	2052	57417.45402
FLA	17	2052	83690.42762
LRD	18	2052	502141.0636
SSK	19	2052	105183.556
MES	20	2052	4202563.157
GRH	21	2052	106970.8244
MAC	22	2052	2305466.092
HAD	23	2052	1841268.29
SAI	24	2052	336812.7243
RED	25	2052	171076.2847
BWH	26	2052	977358.1735
SSH	27	2052	2021513.67
NCO	28	2052	1202541.821
PCO	29	2052	171017.0358
POB	1	2053	179.369303
KWH	2	2053	71266.49867
SWH	3	2053	47779.2821
MWH	4	2053	946995.6231
FWH	5	2053	928097.5709
BES	6	2053	6023.158788
HOS	7	2053	61120.03397
RIS	8	2053	5423.82399
SBA	9	2053	26814.6587
SBB	10	2053	4889.503291
SHO	11	2053	613985.317
DEO	12	2053	1384181.728
PEL	13	2053	93708.9548
PES	14	2053	466405.6126
REO	15	2053	320581.6788
DEL	16	2053	58179.31725
FLA	17	2053	83955.62385
LRD	18	2053	501697.074
SSK	19	2053	105151.2745
MES	20	2053	4187231.323
GRH	21	2053	107065.6237
MAC	22	2053	2271902.695
HAD	23	2053	1845562.642
SAI	24	2053	339510.7524
RED	25	2053	182534.0535
BWH	26	2053	973458.0397
SSH	27	2053	2048976.568
NCO	28	2053	1178052.897
PCO	29	2053	155191.9619
POB	1	2054	179.087385
KWH	2	2054	70563.58953
SWH	3	2054	46938.24521
MWH	4	2054	945570.7112
FWH	5	2054	926788.2948
BES	6	2054	6005.104321
HOS	7	2054	60825.75313
RIS	8	2054	5421.660315
SBA	9	2054	26724.82382
SBB	10	2054	4903.078825
SHO	11	2054	614357.4374
DEO	12	2054	1391663.762
PEL	13	2054	92656.11426
PES	14	2054	472938.0795
REO	15	2054	321545.5587
DEL	16	2054	58239.52699
FLA	17	2054	84467.92974
LRD	18	2054	501636.9278
SSK	19	2054	105329.8509
MES	20	2054	4024203.91
GRH	21	2054	107123.7116
MAC	22	2054	2324842.386
HAD	23	2054	1853615.728
SAI	24	2054	330674.1816
RED	25	2054	156025.245
BWH	26	2054	965777.3034
SSH	27	2054	2068039.858
NCO	28	2054	1146504.854
PCO	29	2054	161208.7235
POB	1	2055	178.787957
KWH	2	2055	70202.04544
SWH	3	2055	47060.1625
MWH	4	2055	944507.5586
FWH	5	2055	925566.7975
BES	6	2055	5993.471921
HOS	7	2055	60895.92543
RIS	8	2055	5419.040237
SBA	9	2055	26644.20334
SBB	10	2055	4920.043063
SHO	11	2055	616031.0139
DEO	12	2055	1402291.238
PEL	13	2055	93111.85027
PES	14	2055	477098.0867
REO	15	2055	321069.0653
DEL	16	2055	58479.06176
FLA	17	2055	84638.28899
LRD	18	2055	503865.6796
SSK	19	2055	105420.6152
MES	20	2055	4048846.669
GRH	21	2055	107841.4411
MAC	22	2055	2456006.1
HAD	23	2055	1847431.163
SAI	24	2055	337795.7951
RED	25	2055	164864.8627
BWH	26	2055	971561.7106
SSH	27	2055	2076924.506
NCO	28	2055	1128919.293
PCO	29	2055	167089.8115
POB	1	2056	178.387592
KWH	2	2056	69958.49073
SWH	3	2056	47386.29532
MWH	4	2056	940009.4139
FWH	5	2056	922609.3905
BES	6	2056	5973.467399
HOS	7	2056	60750.59086
RIS	8	2056	5408.72901
SBA	9	2056	26529.63033
SBB	10	2056	4934.704027
SHO	11	2056	617311.6698
DEO	12	2056	1408008.131
PEL	13	2056	94193.78171
PES	14	2056	479613.9631
REO	15	2056	316913.8809
DEL	16	2056	58263.04667
FLA	17	2056	84787.53637
LRD	18	2056	503743.3834
SSK	19	2056	105429.1364
MES	20	2056	3992172.018
GRH	21	2056	108030.1687
MAC	22	2056	2890122.384
HAD	23	2056	1859162.021
SAI	24	2056	339818.6768
RED	25	2056	156440.9871
BWH	26	2056	977559.3451
SSH	27	2056	2099667.429
NCO	28	2056	1211369.002
PCO	29	2056	173004.4182
POB	1	2057	177.999754
KWH	2	2057	69756.71329
SWH	3	2057	47883.60762
MWH	4	2057	936443.41
FWH	5	2057	919886.8526
BES	6	2057	5963.268308
HOS	7	2057	60683.74076
RIS	8	2057	5400.214187
SBA	9	2057	26417.39458
SBB	10	2057	4938.766691
SHO	11	2057	617372.4837
DEO	12	2057	1404968.937
PEL	13	2057	92976.9871
PES	14	2057	480262.0116
REO	15	2057	325310.236
DEL	16	2057	58817.49947
FLA	17	2057	84689.94779
LRD	18	2057	500294.9523
SSK	19	2057	105252.723
MES	20	2057	4073730.246
GRH	21	2057	107957.6093
MAC	22	2057	2712120.174
HAD	23	2057	1859555.057
SAI	24	2057	340670.9413
RED	25	2057	164396.502
BWH	26	2057	977091.5085
SSH	27	2057	2103803.931
NCO	28	2057	1152747.834
PCO	29	2057	175179.7455
POB	1	2058	177.609187
KWH	2	2058	69471.98685
SWH	3	2058	47369.22031
MWH	4	2058	933995.3917
FWH	5	2058	917668.2521
BES	6	2058	5948.880957
HOS	7	2058	60748.03177
RIS	8	2058	5389.42868
SBA	9	2058	26318.47955
SBB	10	2058	4936.355449
SHO	11	2058	616384.0003
DEO	12	2058	1406597.805
PEL	13	2058	91303.90933
PES	14	2058	479508.1004
REO	15	2058	316113.3315
DEL	16	2058	58941.03643
FLA	17	2058	84554.57964
LRD	18	2058	498224.151
SSK	19	2058	105332.6894
MES	20	2058	3983436.695
GRH	21	2058	107645.039
MAC	22	2058	2433659.628
HAD	23	2058	1847383.243
SAI	24	2058	336433.4676
RED	25	2058	148509.4868
BWH	26	2058	974832.7708
SSH	27	2058	2086744.469
NCO	28	2058	1162848.5
PCO	29	2058	174088.9438
POB	1	2059	177.28634
KWH	2	2059	69267.77758
SWH	3	2059	47960.94983
MWH	4	2059	935673.8399
FWH	5	2059	917545.2424
BES	6	2059	5954.530333
HOS	7	2059	60784.68431
RIS	8	2059	5392.13394
SBA	9	2059	26293.40972
SBB	10	2059	4943.760437
SHO	11	2059	617159.047
DEO	12	2059	1400154.713
PEL	13	2059	89947.39009
PES	14	2059	476932.9137
REO	15	2059	318328.4699
DEL	16	2059	59103.51354
FLA	17	2059	84500.74633
LRD	18	2059	493392.741
SSK	19	2059	105088.8892
MES	20	2059	4016188.07
GRH	21	2059	107100.424
MAC	22	2059	2367802.136
HAD	23	2059	1833621.922
SAI	24	2059	335456.0316
RED	25	2059	149627.5044
BWH	26	2059	975740.4736
SSH	27	2059	2105517.916
NCO	28	2059	1150417.349
PCO	29	2059	186985.7879
POB	1	2060	176.984295
KWH	2	2060	68962.44736
SWH	3	2060	47666.05368
MWH	4	2060	934547.4042
FWH	5	2060	916225.2519
BES	6	2060	5942.222681
HOS	7	2060	60802.26545
RIS	8	2060	5382.27137
SBA	9	2060	26215.75721
SBB	10	2060	4947.306033
SHO	11	2060	617168.8296
DEO	12	2060	1401082.657
PEL	13	2060	90262.63514
PES	14	2060	476000.156
REO	15	2060	314721.3603
DEL	16	2060	59352.38936
FLA	17	2060	84487.31808
LRD	18	2060	494317.4217
SSK	19	2060	105137.6981
MES	20	2060	4068924.095
GRH	21	2060	107296.1486
MAC	22	2060	2449123.409
HAD	23	2060	1837967.142
SAI	24	2060	334650.6111
RED	25	2060	155386.6031
BWH	26	2060	974861.0468
SSH	27	2060	2097430.509
NCO	28	2060	1206668.933
PCO	29	2060	191136.2172
POB	1	2061	176.788625
KWH	2	2061	68175.28267
SWH	3	2061	47566.81472
MWH	4	2061	935476.9968
FWH	5	2061	916024.1007
BES	6	2061	5945.865134
HOS	7	2061	60882.51982
RIS	8	2061	5384.2332
SBA	9	2061	26177.15465
SBB	10	2061	4952.701223
SHO	11	2061	620023.1669
DEO	12	2061	1407600.455
PEL	13	2061	88888.26275
PES	14	2061	473024.6988
REO	15	2061	321624.9964
DEL	16	2061	59323.16017
FLA	17	2061	84349.19529
LRD	18	2061	497212.9107
SSK	19	2061	105228.0134
MES	20	2061	4168395.309
GRH	21	2061	107611.2578
MAC	22	2061	2374850.294
HAD	23	2061	1844498.624
SAI	24	2061	335829.8278
RED	25	2061	167786.4248
BWH	26	2061	967616.3869
SSH	27	2061	2110250.661
NCO	28	2061	1167775.31
PCO	29	2061	182065.6171
POB	1	2062	176.368905
KWH	2	2062	68166.02257
SWH	3	2062	47482.7834
MWH	4	2062	933483.2141
FWH	5	2062	914729.8743
BES	6	2062	5905.55916
HOS	7	2062	60922.03509
RIS	8	2062	5369.361321
SBA	9	2062	26067.53306
SBB	10	2062	4963.875922
SHO	11	2062	623316.7612
DEO	12	2062	1426220.727
PEL	13	2062	90100.5954
PES	14	2062	473019.6754
REO	15	2062	326974.069
DEL	16	2062	58803.02891
FLA	17	2062	84484.65832
LRD	18	2062	504086.9936
SSK	19	2062	105438.3395
MES	20	2062	4080881.749
GRH	21	2062	108952.2139
MAC	22	2062	2439418.213
HAD	23	2062	1840282.12
SAI	24	2062	338251.3438
RED	25	2062	171644.801
BWH	26	2062	966827.3548
SSH	27	2062	2095653.222
NCO	28	2062	1179670.446
PCO	29	2062	176725.7454
POB	1	2063	176.038013
KWH	2	2063	68259.24002
SWH	3	2063	48246.15424
MWH	4	2063	929688.2341
FWH	5	2063	912165.5272
BES	6	2063	5888.855072
HOS	7	2063	61026.02814
RIS	8	2063	5350.893289
SBA	9	2063	25956.92321
SBB	10	2063	4977.857334
SHO	11	2063	620929.1489
DEO	12	2063	1430994.675
PEL	13	2063	89681.49042
PES	14	2063	472427.8095
REO	15	2063	316153.3076
DEL	16	2063	58006.86173
FLA	17	2063	84469.44716
LRD	18	2063	505016.0533
SSK	19	2063	105211.207
MES	20	2063	4123858.846
GRH	21	2063	109211.7859
MAC	22	2063	2402724.277
HAD	23	2063	1849604.07
SAI	24	2063	338795.587
RED	25	2063	180093.485
BWH	26	2063	964658.9578
SSH	27	2063	2116498.582
NCO	28	2063	1227121.144
PCO	29	2063	171204.9055
POB	1	2064	175.711842
KWH	2	2064	67954.75258
SWH	3	2064	47973.30218
MWH	4	2064	926156.6924
FWH	5	2064	909778.7101
BES	6	2064	5870.409787
HOS	7	2064	61138.73213
RIS	8	2064	5343.752798
SBA	9	2064	25865.39686
SBB	10	2064	4985.617704
SHO	11	2064	620175.7432
DEO	12	2064	1430328.336
PEL	13	2064	89812.98448
PES	14	2064	472447.4204
REO	15	2064	309944.6904
DEL	16	2064	58564.35931
FLA	17	2064	84444.38197
LRD	18	2064	502846.8701
SSK	19	2064	105333.4991
MES	20	2064	4105120.789
GRH	21	2064	109419.5817
MAC	22	2064	2418694.38
HAD	23	2064	1843095.121
SAI	24	2064	339404.3516
RED	25	2064	159444.5271
BWH	26	2064	965017.8996
SSH	27	2064	2119921.949
NCO	28	2064	1200244.717
PCO	29	2064	175194.0611
POB	1	2065	175.538181
KWH	2	2065	68277.77542
SWH	3	2065	48630.11028
MWH	4	2065	925239.5748
FWH	5	2065	908657.3217
BES	6	2065	5863.479467
HOS	7	2065	61243.77741
RIS	8	2065	5339.662148
SBA	9	2065	25828.36348
SBB	10	2065	4994.237381
SHO	11	2065	619136.1688
DEO	12	2065	1434322.55
PEL	13	2065	89289.17539
PES	14	2065	470694.6749
REO	15	2065	309612.8227
DEL	16	2065	58641.31645
FLA	17	2065	84021.59253
LRD	18	2065	500001.1746
SSK	19	2065	105005.2687
MES	20	2065	4057066.971
GRH	21	2065	109231.0443
MAC	22	2065	2396164.886
HAD	23	2065	1835582.027
SAI	24	2065	339464.1675
RED	25	2065	160564.2538
BWH	26	2065	967716.0171
SSH	27	2065	2114812.283
NCO	28	2065	1118678.474
PCO	29	2065	179361.7876
POB	1	2066	175.494118
KWH	2	2066	68135.80558
SWH	3	2066	48493.16605
MWH	4	2066	923425.0414
FWH	5	2066	907136.0208
BES	6	2066	5871.633242
HOS	7	2066	61194.43388
RIS	8	2066	5340.384442
SBA	9	2066	25846.38086
SBB	10	2066	5005.020807
SHO	11	2066	621577.5731
DEO	12	2066	1435911.389
PEL	13	2066	90835.45874
PES	14	2066	471240.2662
REO	15	2066	321725.5076
DEL	16	2066	59063.20725
FLA	17	2066	84114.83187
LRD	18	2066	500214.1255
SSK	19	2066	105169.8
MES	20	2066	4077504.229
GRH	21	2066	109393.7751
MAC	22	2066	2495524.818
HAD	23	2066	1836057.62
SAI	24	2066	340227.2062
RED	25	2066	154684.5059
BWH	26	2066	968628.9057
SSH	27	2066	2135872.479
NCO	28	2066	1101162.777
PCO	29	2066	189457.339
POB	1	2067	175.397872
KWH	2	2067	67639.20101
SWH	3	2067	48765.19799
MWH	4	2067	923012.156
FWH	5	2067	906024.9382
BES	6	2067	5870.020672
HOS	7	2067	61029.6724
RIS	8	2067	5342.214492
SBA	9	2067	25843.28546
SBB	10	2067	5009.10507
SHO	11	2067	622975.0212
DEO	12	2067	1426336.34
PEL	13	2067	90323.46462
PES	14	2067	471031.3528
REO	15	2067	319997.6854
DEL	16	2067	59004.46924
FLA	17	2067	84312.41476
LRD	18	2067	498736.9889
SSK	19	2067	105066.5935
MES	20	2067	4069022.832
GRH	21	2067	108800.4735
MAC	22	2067	2422305.759
HAD	23	2067	1846631.063
SAI	24	2067	341177.7969
RED	25	2067	168896.863
BWH	26	2067	969658.2151
SSH	27	2067	2147181.183
NCO	28	2067	1155729.105
PCO	29	2067	196925.7331
POB	1	2068	175.282092
KWH	2	2068	67473.52752
SWH	3	2068	48032.04929
MWH	4	2068	922510.1824
FWH	5	2068	904910.0613
BES	6	2068	5865.830456
HOS	7	2068	60915.70289
RIS	8	2068	5341.695235
SBA	9	2068	25832.71817
SBB	10	2068	5010.065209
SHO	11	2068	624159.3293
DEO	12	2068	1427952.875
PEL	13	2068	89985.93439
PES	14	2068	471869.9067
REO	15	2068	315763.0937
DEL	16	2068	58825.36562
FLA	17	2068	84328.83711
LRD	18	2068	497416.5841
SSK	19	2068	105176.6314
MES	20	2068	3918003.658
GRH	21	2068	108230.3383
MAC	22	2068	2455108.055
HAD	23	2068	1842821.652
SAI	24	2068	334976.2905
RED	25	2068	155480.7311
BWH	26	2068	959945.1348
SSH	27	2068	2134122.44
NCO	28	2068	1138624.943
PCO	29	2068	183808.2293
POB	1	2069	175.165685
KWH	2	2069	67137.70656
SWH	3	2069	48207.49253
MWH	4	2069	921567.7674
FWH	5	2069	903645.2176
BES	6	2069	5860.602549
HOS	7	2069	60894.77648
RIS	8	2069	5338.073891
SBA	9	2069	25818.18975
SBB	10	2069	5007.418697
SHO	11	2069	624966.3891
DEO	12	2069	1436306.67
PEL	13	2069	89930.44288
PES	14	2069	470868.7967
REO	15	2069	319968.0135
DEL	16	2069	57885.85109
FLA	17	2069	84371.63954
LRD	18	2069	499979.0262
SSK	19	2069	105196.919
MES	20	2069	4078704.904
GRH	21	2069	107804.0843
MAC	22	2069	2409673.037
HAD	23	2069	1843882.691
SAI	24	2069	338068.4089
RED	25	2069	165371.0949
BWH	26	2069	968349.4232
SSH	27	2069	2158288.582
NCO	28	2069	1175557.495
PCO	29	2069	165412.6375
POB	1	2070	175.057025
KWH	2	2070	66651.84629
SWH	3	2070	48090.98159
MWH	4	2070	920302.2801
FWH	5	2070	902269.4672
BES	6	2070	5854.832547
HOS	7	2070	60917.44312
RIS	8	2070	5339.539411
SBA	9	2070	25802.65583
SBB	10	2070	5003.62811
SHO	11	2070	626288.9451
DEO	12	2070	1436042.55
PEL	13	2070	90325.89145
PES	14	2070	470908.8686
REO	15	2070	311597.1068
DEL	16	2070	57759.8619
FLA	17	2070	84341.69119
LRD	18	2070	498236.4385
SSK	19	2070	105220.9637
MES	20	2070	4055915.447
GRH	21	2070	107331.0176
MAC	22	2070	2474651.83
HAD	23	2070	1833095.571
SAI	24	2070	339087.3589
RED	25	2070	151466.3912
BWH	26	2070	966356.629
SSH	27	2070	2174472.443
NCO	28	2070	1152718.705
PCO	29	2070	164773.6693
POB	1	2071	174.949935
KWH	2	2071	66467.95529
SWH	3	2071	48775.12194
MWH	4	2071	918808.93
FWH	5	2071	900786.6307
BES	6	2071	5849.057258
HOS	7	2071	60924.60537
RIS	8	2071	5339.45857
SBA	9	2071	25785.07474
SBB	10	2071	4998.17321
SHO	11	2071	626426.5463
DEO	12	2071	1422513.414
PEL	13	2071	89436.68923
PES	14	2071	469373.0948
REO	15	2071	313669.3729
DEL	16	2071	58079.82303
FLA	17	2071	84373.00503
LRD	18	2071	496651.6045
SSK	19	2071	104993.6299
MES	20	2071	4005821.084
GRH	21	2071	107054.9831
MAC	22	2071	2408332.016
HAD	23	2071	1825830.069
SAI	24	2071	340032.7929
RED	25	2071	151947.2112
BWH	26	2071	970829.8301
SSH	27	2071	2161144.671
NCO	28	2071	1168103.319
PCO	29	2071	166894.2748
POB	1	2072	174.856901
KWH	2	2072	66431.54238
SWH	3	2072	48632.04317
MWH	4	2072	917310.8253
FWH	5	2072	899257.43
BES	6	2072	5845.31177
HOS	7	2072	61016.96189
RIS	8	2072	5336.831683
SBA	9	2072	25769.51701
SBB	10	2072	4991.871564
SHO	11	2072	629942.4067
DEO	12	2072	1426316.369
PEL	13	2072	89907.5604
PES	14	2072	469421.9598
REO	15	2072	322240.4574
DEL	16	2072	58640.44793
FLA	17	2072	84537.94931
LRD	18	2072	501330.3587
SSK	19	2072	105231.0783
MES	20	2072	4037335.145
GRH	21	2072	108309.8948
MAC	22	2072	2477023.052
HAD	23	2072	1824820.611
SAI	24	2072	340074.7634
RED	25	2072	150068.6419
BWH	26	2072	968429.3153
SSH	27	2072	2163509.145
NCO	28	2072	1180061.07
PCO	29	2072	160670.4803
POB	1	2073	174.777465
KWH	2	2073	65949.02796
SWH	3	2073	49261.64369
MWH	4	2073	915687.3201
FWH	5	2073	897671.1377
BES	6	2073	5843.851685
HOS	7	2073	61142.95875
RIS	8	2073	5333.990061
SBA	9	2073	25758.64822
SBB	10	2073	4985.43105
SHO	11	2073	627807.1053
DEO	12	2073	1419501.404
PEL	13	2073	88846.79403
PES	14	2073	467511.1385
REO	15	2073	315314.1787
DEL	16	2073	58360.3572
FLA	17	2073	84553.82963
LRD	18	2073	503376.5385
SSK	19	2073	105107.5823
MES	20	2073	4068107.113
GRH	21	2073	109129.7895
MAC	22	2073	2416027.722
HAD	23	2073	1847058.395
SAI	24	2073	339715.0372
RED	25	2073	171598.9003
BWH	26	2073	976811.1476
SSH	27	2073	2154485.454
NCO	28	2073	1268632.143
PCO	29	2073	162745.3205
POB	1	2074	174.707156
KWH	2	2074	65989.41635
SWH	3	2074	49116.75335
MWH	4	2074	914013.8021
FWH	5	2074	896036.4112
BES	6	2074	5841.849458
HOS	7	2074	61205.86894
RIS	8	2074	5333.599787
SBA	9	2074	25743.86623
SBB	10	2074	4979.492819
SHO	11	2074	625701.9321
DEO	12	2074	1412702.753
PEL	13	2074	89115.83126
PES	14	2074	467160.7218
REO	15	2074	302515.785
DEL	16	2074	58553.46454
FLA	17	2074	84371.44261
LRD	18	2074	501552.9727
SSK	19	2074	105189.591
MES	20	2074	3967838.853
GRH	21	2074	109718.5352
MAC	22	2074	2470800.703
HAD	23	2074	1849898.568
SAI	24	2074	339313.4564
RED	25	2074	154936.1758
BWH	26	2074	972589.2785
SSH	27	2074	2137048.321
NCO	28	2074	1254183.349
PCO	29	2074	167450.4642
POB	1	2075	174.639191
KWH	2	2075	66306.27134
SWH	3	2075	49700.34798
MWH	4	2075	912059.2238
FWH	5	2075	894289.0844
BES	6	2075	5839.368036
HOS	7	2075	61303.70789
RIS	8	2075	5329.908818
SBA	9	2075	25728.57955
SBB	10	2075	4973.122982
SHO	11	2075	625357.2742
DEO	12	2075	1402547.8
PEL	13	2075	88396.92739
PES	14	2075	464693.8544
REO	15	2075	305924.6165
DEL	16	2075	58392.25783
FLA	17	2075	84112.014
LRD	18	2075	498776.4621
SSK	19	2075	104921.7351
MES	20	2075	4087681.472
GRH	21	2075	109497.5218
MAC	22	2075	2402273.01
HAD	23	2075	1836375.594
SAI	24	2075	339293.1956
RED	25	2075	165101.1319
BWH	26	2075	983096.5165
SSH	27	2075	2150404.44
NCO	28	2075	1218649.188
PCO	29	2075	163943.858
POB	1	2076	174.584404
KWH	2	2076	66205.78936
SWH	3	2076	49267.78779
MWH	4	2076	910347.6249
FWH	5	2076	892600.8942
BES	6	2076	5837.051229
HOS	7	2076	61445.09198
RIS	8	2076	5330.297145
SBA	9	2076	25712.93301
SBB	10	2076	4967.938431
SHO	11	2076	627114.6578
DEO	12	2076	1419206.573
PEL	13	2076	88755.72152
PES	14	2076	464839.6607
REO	15	2076	312995.0191
DEL	16	2076	57323.1738
FLA	17	2076	84014.1402
LRD	18	2076	503016.3397
SSK	19	2076	105197.2492
MES	20	2076	4057206.759
GRH	21	2076	109476.6457
MAC	22	2076	2472050.584
HAD	23	2076	1823983.559
SAI	24	2076	339570.1829
RED	25	2076	148031.217
BWH	26	2076	970519.4602
SSH	27	2076	2142493.209
NCO	28	2076	1142640.119
PCO	29	2076	166724.2418
POB	1	2077	174.53123
KWH	2	2077	66551.94748
SWH	3	2077	50039.26615
MWH	4	2077	908561.2742
FWH	5	2077	890874.586
BES	6	2077	5835.238469
HOS	7	2077	61553.23448
RIS	8	2077	5328.918356
SBA	9	2077	25696.38651
SBB	10	2077	4961.801146
SHO	11	2077	627712.365
DEO	12	2077	1409367.416
PEL	13	2077	87826.7771
PES	14	2077	462144.313
REO	15	2077	314778.1026
DEL	16	2077	56931.70083
FLA	17	2077	83846.38447
LRD	18	2077	499937.9562
SSK	19	2077	104855.0495
MES	20	2077	4040344.904
GRH	21	2077	108709.5806
MAC	22	2077	2393592.548
HAD	23	2077	1810924.594
SAI	24	2077	340075.2508
RED	25	2077	148821.0839
BWH	26	2077	971514.4644
SSH	27	2077	2120995.571
NCO	28	2077	1091286.919
PCO	29	2077	166257.6339
POB	1	2078	174.494999
KWH	2	2078	67236.82313
SWH	3	2078	49807.27293
MWH	4	2078	906781.8624
FWH	5	2078	889137.6664
BES	6	2078	5833.078782
HOS	7	2078	61732.58217
RIS	8	2078	5325.129506
SBA	9	2078	25684.58728
SBB	10	2078	4955.727247
SHO	11	2078	628039.806
DEO	12	2078	1397253.624
PEL	13	2078	87471.89389
PES	14	2078	462254.4605
REO	15	2078	306845.2805
DEL	16	2078	57532.66911
FLA	17	2078	84062.12459
LRD	18	2078	496426.0618
SSK	19	2078	104800.7607
MES	20	2078	3990463.62
GRH	21	2078	107863.1666
MAC	22	2078	2435606.431
HAD	23	2078	1795260.563
SAI	24	2078	339025.2901
RED	25	2078	141647.049
BWH	26	2078	978344.113
SSH	27	2078	2134958.151
NCO	28	2078	1062401.188
PCO	29	2078	178754.2989
POB	1	2079	174.465601
KWH	2	2079	67214.30337
SWH	3	2079	50291.00805
MWH	4	2079	904950.6338
FWH	5	2079	887372.9771
BES	6	2079	5830.906809
HOS	7	2079	61885.96717
RIS	8	2079	5324.947941
SBA	9	2079	25680.5546
SBB	10	2079	4948.586082
SHO	11	2079	627543.5934
DEO	12	2079	1385017.751
PEL	13	2079	86803.10874
PES	14	2079	457733.874
REO	15	2079	299569.3478
DEL	16	2079	56869.17499
FLA	17	2079	83339.20071
LRD	18	2079	493816.2069
SSK	19	2079	104500.7153
MES	20	2079	4162926.245
GRH	21	2079	106359.8843
MAC	22	2079	2569878.224
HAD	23	2079	1789052.183
SAI	24	2079	337735.7677
RED	25	2079	173897.6044
BWH	26	2079	976978.3221
SSH	27	2079	2118572.088
NCO	28	2079	1162663.269
PCO	29	2079	175973.5755
POB	1	2080	174.4556
KWH	2	2080	67336.70522
SWH	3	2080	49433.61653
MWH	4	2080	902936.6334
FWH	5	2080	885547.3898
BES	6	2080	5829.271371
HOS	7	2080	61841.55108
RIS	8	2080	5324.337686
SBA	9	2080	25679.53127
SBB	10	2080	4941.306898
SHO	11	2080	626250.8121
DEO	12	2080	1389451.589
PEL	13	2080	85478.99875
PES	14	2080	452579.785
REO	15	2080	291410.3226
DEL	16	2080	56315.3887
FLA	17	2080	82574.10651
LRD	18	2080	494878.7719
SSK	19	2080	104630.9039
MES	20	2080	4140676.94
GRH	21	2080	104928.797
MAC	22	2080	2179362.76
HAD	23	2080	1796519.666
SAI	24	2080	338313.4654
RED	25	2080	178196.7382
BWH	26	2080	976238.7262
SSH	27	2080	2104832.212
NCO	28	2080	1162838.75
PCO	29	2080	174853.6684
POB	1	2081	174.447123
KWH	2	2081	66934.25553
SWH	3	2081	49049.34164
MWH	4	2081	901052.6006
FWH	5	2081	883740.0879
BES	6	2081	5827.997403
HOS	7	2081	61597.07495
RIS	8	2081	5321.777018
SBA	9	2081	25676.76927
SBB	10	2081	4933.036584
SHO	11	2081	627370.988
DEO	12	2081	1395240.756
PEL	13	2081	84828.80498
PES	14	2081	447972.1184
REO	15	2081	301917.4009
DEL	16	2081	55964.36796
FLA	17	2081	82001.24871
LRD	18	2081	496043.3308
SSK	19	2081	104676.4665
MES	20	2081	4261979.258
GRH	21	2081	104567.8093
MAC	22	2081	2253759.433
HAD	23	2081	1803784.993
SAI	24	2081	336413.8208
RED	25	2081	181135.6681
BWH	26	2081	971488.4254
SSH	27	2081	2114647.2
NCO	28	2081	1183397.04
PCO	29	2081	183188.564
POB	1	2082	174.442774
KWH	2	2082	66162.19129
SWH	3	2082	48547.3953
MWH	4	2082	899006.9702
FWH	5	2082	881883.7921
BES	6	2082	5827.338626
HOS	7	2082	61487.1865
RIS	8	2082	5321.333785
SBA	9	2082	25672.22819
SBB	10	2082	4924.505043
SHO	11	2082	628925.1332
DEO	12	2082	1415668.378
PEL	13	2082	84417.94942
PES	14	2082	444940.9945
REO	15	2082	314624.711
DEL	16	2082	54663.76478
FLA	17	2082	81825.23667
LRD	18	2082	504008.226
SSK	19	2082	104956.4884
MES	20	2082	4318475.266
GRH	21	2082	105311.0438
MAC	22	2082	2248352.865
HAD	23	2082	1812532.029
SAI	24	2082	335752.3183
RED	25	2082	174174.2366
BWH	26	2082	960106.1819
SSH	27	2082	2124832.458
NCO	28	2082	1167734.807
PCO	29	2082	164688.1626
POB	1	2083	174.430106
KWH	2	2083	66301.60161
SWH	3	2083	48311.91556
MWH	4	2083	897113.6264
FWH	5	2083	880052.7571
BES	6	2083	5826.650045
HOS	7	2083	61394.54851
RIS	8	2083	5317.832766
SBA	9	2083	25661.71978
SBB	10	2083	4915.492809
SHO	11	2083	628119.8559
DEO	12	2083	1420894.588
PEL	13	2083	84417.73005
PES	14	2083	442529.5959
REO	15	2083	309247.9201
DEL	16	2083	54460.04107
FLA	17	2083	81692.76833
LRD	18	2083	507027.4879
SSK	19	2083	105088.8717
MES	20	2083	4249054.754
GRH	21	2083	105942.6004
MAC	22	2083	2216977.885
HAD	23	2083	1816733.071
SAI	24	2083	336681.6474
RED	25	2083	175811.2488
BWH	26	2083	963978.4024
SSH	27	2083	2106596.566
NCO	28	2083	1209583.759
PCO	29	2083	170762.4437
POB	1	2084	174.411926
KWH	2	2084	66230.53787
SWH	3	2084	48222.73876
MWH	4	2084	895102.7384
FWH	5	2084	878191.1034
BES	6	2084	5825.541115
HOS	7	2084	61354.38742
RIS	8	2084	5315.429318
SBA	9	2084	25641.54519
SBB	10	2084	4906.077711
SHO	11	2084	629127.531
DEO	12	2084	1416513.341
PEL	13	2084	84089.30714
PES	14	2084	440545.4179
REO	15	2084	307088.8478
DEL	16	2084	54750.41111
FLA	17	2084	81427.80966
LRD	18	2084	505400.0497
SSK	19	2084	105068.7107
MES	20	2084	4299036.196
GRH	21	2084	105857.1479
MAC	22	2084	2241714.808
HAD	23	2084	1815250.2
SAI	24	2084	335704.5592
RED	25	2084	198978.8344
BWH	26	2084	961934.0565
SSH	27	2084	2121707.782
NCO	28	2084	1179262.801
PCO	29	2084	179977.8466
POB	1	2085	174.394201
KWH	2	2085	65790.82431
SWH	3	2085	47909.53474
MWH	4	2085	892992.1863
FWH	5	2085	876296.7875
BES	6	2085	5824.121397
HOS	7	2085	61353.70796
RIS	8	2085	5315.094408
SBA	9	2085	25620.52227
SBB	10	2085	4896.248537
SHO	11	2085	628443.3745
DEO	12	2085	1410578.233
PEL	13	2085	83693.24848
PES	14	2085	438620.6803
REO	15	2085	296505.859
DEL	16	2085	54718.69513
FLA	17	2085	81139.09002
LRD	18	2085	503331.0833
SSK	19	2085	105051.2378
MES	20	2085	4345246.826
GRH	21	2085	105006.0179
MAC	22	2085	2275149.299
HAD	23	2085	1816507.783
SAI	24	2085	335106.3467
RED	25	2085	184046.2367
BWH	26	2085	952028.3662
SSH	27	2085	2127926.754
NCO	28	2085	1167412.26
PCO	29	2085	179048.9248
POB	1	2086	174.377123
KWH	2	2086	66227.9373
SWH	3	2086	47793.46069
MWH	4	2086	891020.3152
FWH	5	2086	874421.5906
BES	6	2086	5822.913167
HOS	7	2086	61386.6278
RIS	8	2086	5313.805121
SBA	9	2086	25599.42158
SBB	10	2086	4885.994569
SHO	11	2086	629187.4137
DEO	12	2086	1392926.387
PEL	13	2086	82606.88162
PES	14	2086	435869.1825
REO	15	2086	293390.4005
DEL	16	2086	54749.51641
FLA	17	2086	80731.08558
LRD	18	2086	498401.5788
SSK	19	2086	104845.6181
MES	20	2086	4249807.726
GRH	21	2086	103568.2041
MAC	22	2086	2174349.579
HAD	23	2086	1801582.892
SAI	24	2086	336049.468
RED	25	2086	192114.6647
BWH	26	2086	960687.9705
SSH	27	2086	2101182.988
NCO	28	2086	1133398.917
PCO	29	2086	175484.2148
POB	1	2087	174.361598
KWH	2	2087	66192.51364
SWH	3	2087	47647.65294
MWH	4	2087	888955.1071
FWH	5	2087	872503.1434
BES	6	2087	5822.271629
HOS	7	2087	61391.57648
RIS	8	2087	5310.10568
SBA	9	2087	25577.47723
SBB	10	2087	4876.029022
SHO	11	2087	630518.6963
DEO	12	2087	1390933.58
PEL	13	2087	83206.05785
PES	14	2087	434284.4254
REO	15	2087	316628.9698
DEL	16	2087	54705.67039
FLA	17	2087	80383.71905
LRD	18	2087	498966.6867
SSK	19	2087	104909.6991
MES	20	2087	4445369.496
GRH	21	2087	103072.357
MAC	22	2087	2543510.188
HAD	23	2087	1810713.205
SAI	24	2087	335324.0216
RED	25	2087	196499.5782
BWH	26	2087	957047.0082
SSH	27	2087	2103343.216
NCO	28	2087	1166054.003
PCO	29	2087	180781.6716
POB	1	2088	174.347694
KWH	2	2088	66230.35516
SWH	3	2088	47568.80834
MWH	4	2088	887196.9064
FWH	5	2088	870605.7506
BES	6	2088	5822.746542
HOS	7	2088	61550.21561
RIS	8	2088	5308.51881
SBA	9	2088	25555.66321
SBB	10	2088	4865.714992
SHO	11	2088	628648.3041
DEO	12	2088	1401572.966
PEL	13	2088	82454.81359
PES	14	2088	432676.3779
REO	15	2088	308995.5039
DEL	16	2088	53062.70347
FLA	17	2088	80161.44022
LRD	18	2088	505659.3457
SSK	19	2088	104979.5995
MES	20	2088	4364228.951
GRH	21	2088	103319.4792
MAC	22	2088	2142352.436
HAD	23	2088	1814930.786
SAI	24	2088	335425.1048
RED	25	2088	184871.0054
BWH	26	2088	961110.6193
SSH	27	2088	2094329.111
NCO	28	2088	1110379.705
PCO	29	2088	178786.3443
POB	1	2089	174.335907
KWH	2	2089	66450.76159
SWH	3	2089	47413.65563
MWH	4	2089	885121.3787
FWH	5	2089	868580.9754
BES	6	2089	5823.35797
HOS	7	2089	61514.35706
RIS	8	2089	5304.782889
SBA	9	2089	25533.43842
SBB	10	2089	4855.691568
SHO	11	2089	628450.8423
DEO	12	2089	1398430.575
PEL	13	2089	82347.22127
PES	14	2089	432673.4008
REO	15	2089	297200.7698
DEL	16	2089	53108.78412
FLA	17	2089	79943.29685
LRD	18	2089	504071.4221
SSK	19	2089	104895.9623
MES	20	2089	4302583.141
GRH	21	2089	103120.5174
MAC	22	2089	2287506.686
HAD	23	2089	1800514.198
SAI	24	2089	336813.9558
RED	25	2089	188738.1557
BWH	26	2089	953190.7272
SSH	27	2089	2083023.59
NCO	28	2089	1196826.667
PCO	29	2089	174795.4263
POB	1	2090	174.326545
KWH	2	2090	66498.93702
SWH	3	2090	47121.44181
MWH	4	2090	883327.3119
FWH	5	2090	866671.3248
BES	6	2090	5823.879245
HOS	7	2090	61542.08053
RIS	8	2090	5302.086624
SBA	9	2090	25511.79365
SBB	10	2090	4845.477864
SHO	11	2090	630499.0456
DEO	12	2090	1388018.852
PEL	13	2090	81924.47787
PES	14	2090	432821.4791
REO	15	2090	293497.3463
DEL	16	2090	53545.32385
FLA	17	2090	79957.95558
LRD	18	2090	501466.8083
SSK	19	2090	104796.8648
MES	20	2090	4354858.657
GRH	21	2090	102595.9824
MAC	22	2090	2239277.959
HAD	23	2090	1787645.478
SAI	24	2090	335050.3717
RED	25	2090	209898.8991
BWH	26	2090	959883.2164
SSH	27	2090	2076586.417
NCO	28	2090	1250579.227
PCO	29	2090	183028.5751
POB	1	2091	174.319519
KWH	2	2091	66233.68802
SWH	3	2091	46954.79981
MWH	4	2091	881513.2705
FWH	5	2091	864744.8031
BES	6	2091	5823.538879
HOS	7	2091	61593.99018
RIS	8	2091	5301.382799
SBA	9	2091	25488.7639
SBB	10	2091	4835.480265
SHO	11	2091	629832.0148
DEO	12	2091	1380193.183
PEL	13	2091	81337.91198
PES	14	2091	431697.5783
REO	15	2091	290650.9315
DEL	16	2091	53517.12529
FLA	17	2091	79792.84553
LRD	18	2091	500663.2976
SSK	19	2091	104734.5212
MES	20	2091	4393381.372
GRH	21	2091	101657.1688
MAC	22	2091	2305426.448
HAD	23	2091	1786758.643
SAI	24	2091	334806.8118
RED	25	2091	204949.3009
BWH	26	2091	945902.3574
SSH	27	2091	2081245.188
NCO	28	2091	1229205.685
PCO	29	2091	178977.9296
POB	1	2092	174.314555
KWH	2	2092	66627.35648
SWH	3	2092	47059.8502
MWH	4	2092	879495.1479
FWH	5	2092	862742.6009
BES	6	2092	5822.692212
HOS	7	2092	61618.39537
RIS	8	2092	5299.306505
SBA	9	2092	25466.86642
SBB	10	2092	4825.431888
SHO	11	2092	630939.9452
DEO	12	2092	1355689.257
PEL	13	2092	81192.38767
PES	14	2092	431521.1566
REO	15	2092	286513.7928
DEL	16	2092	53699.72375
FLA	17	2092	79900.33496
LRD	18	2092	496440.9833
SSK	19	2092	104714.1392
MES	20	2092	4304377.02
GRH	21	2092	100933.637
MAC	22	2092	2190991.447
HAD	23	2092	1761199.746
SAI	24	2092	333966.0134
RED	25	2092	184180.8903
BWH	26	2092	952586.4105
SSH	27	2092	2050239.192
NCO	28	2092	1120069.488
PCO	29	2092	160238.8371
POB	1	2093	174.311371
KWH	2	2093	66722.67802
SWH	3	2093	47059.61083
MWH	4	2093	877632.2451
FWH	5	2093	860777.134
BES	6	2093	5821.699765
HOS	7	2093	61456.38787
RIS	8	2093	5293.310112
SBA	9	2093	25444.26678
SBB	10	2093	4815.248362
SHO	11	2093	629264.4712
DEO	12	2093	1351493.605
PEL	13	2093	82402.39358
PES	14	2093	430279.5214
REO	15	2093	298201.2181
DEL	16	2093	53799.81857
FLA	17	2093	79607.44765
LRD	18	2093	496628.4184
SSK	19	2093	104599.0672
MES	20	2093	4362257.531
GRH	21	2093	100739.238
MAC	22	2093	2395446.619
HAD	23	2093	1769548.938
SAI	24	2093	334513.022
RED	25	2093	195696.4845
BWH	26	2093	956860.5699
SSH	27	2093	2060525.412
NCO	28	2093	1152622.673
PCO	29	2093	165206.0075
POB	1	2094	174.305709
KWH	2	2094	65955.03405
SWH	3	2094	46359.60464
MWH	4	2094	875660.3776
FWH	5	2094	858799.9302
BES	6	2094	5820.642144
HOS	7	2094	61182.2882
RIS	8	2094	5293.380572
SBA	9	2094	25422.13253
SBB	10	2094	4805.274136
SHO	11	2094	629303.0654
DEO	12	2094	1373455.506
PEL	13	2094	82041.18509
PES	14	2094	429969.4726
REO	15	2094	306561.8643
DEL	16	2094	52881.06052
FLA	17	2094	79545.16565
LRD	18	2094	504751.3142
SSK	19	2094	104892.5396
MES	20	2094	4412380.549
GRH	21	2094	101341.6048
MAC	22	2094	2251999.429
HAD	23	2094	1787288.041
SAI	24	2094	335914.6196
RED	25	2094	200325.9904
BWH	26	2094	949110.3137
SSH	27	2094	2044156.588
NCO	28	2094	1199922.104
PCO	29	2094	172296.1604
POB	1	2095	174.302791
KWH	2	2095	65919.45893
SWH	3	2095	46198.90725
MWH	4	2095	873649.5164
FWH	5	2095	856877.196
BES	6	2095	5819.549116
HOS	7	2095	61004.38075
RIS	8	2095	5292.264906
SBA	9	2095	25399.98824
SBB	10	2095	4795.136997
SHO	11	2095	629378.0246
DEO	12	2095	1371136.043
PEL	13	2095	82159.93389
PES	14	2095	429666.4584
REO	15	2095	292682.6166
DEL	16	2095	52295.67288
FLA	17	2095	79486.87307
LRD	18	2095	506321.9881
SSK	19	2095	104997.0843
MES	20	2095	4297570.995
GRH	21	2095	101647.6283
MAC	22	2095	2339509.351
HAD	23	2095	1782486.197
SAI	24	2095	337013.1858
RED	25	2095	189177.2972
BWH	26	2095	956828.1459
SSH	27	2095	2030300.652
NCO	28	2095	1130210.384
PCO	29	2095	176096.7352
POB	1	2096	174.302549
KWH	2	2096	66363.4617
SWH	3	2096	46002.15336
MWH	4	2096	871381.4379
FWH	5	2096	854914.0843
BES	6	2096	5818.447181
HOS	7	2096	60968.56538
RIS	8	2096	5289.460396
SBA	9	2096	25377.55997
SBB	10	2096	4785.050877
SHO	11	2096	631060.1285
DEO	12	2096	1369329.752
PEL	13	2096	82081.74716
PES	14	2096	429464.1834
REO	15	2096	288943.9018
DEL	16	2096	52850.74938
FLA	17	2096	79329.62588
LRD	18	2096	506169.2555
SSK	19	2096	104931.2671
MES	20	2096	4289928.006
GRH	21	2096	101834.17
MAC	22	2096	2168321.722
HAD	23	2096	1777405.961
SAI	24	2096	337306.1854
RED	25	2096	191356.9096
BWH	26	2096	959957.2948
SSH	27	2096	2031660.895
NCO	28	2096	1105261.961
PCO	29	2096	178223.174
POB	1	2097	174.304261
KWH	2	2097	66458.07595
SWH	3	2097	46035.30118
MWH	4	2097	869517.6586
FWH	5	2097	852977.9127
BES	6	2097	5817.358339
HOS	7	2097	60917.36457
RIS	8	2097	5287.710179
SBA	9	2097	25355.19942
SBB	10	2097	4775.104368
SHO	11	2097	630728.8799
DEO	12	2097	1366552.483
PEL	13	2097	81873.78361
PES	14	2097	429699.2304
REO	15	2097	297623.0087
DEL	16	2097	52962.53108
FLA	17	2097	79325.69067
LRD	18	2097	505277.8216
SSK	19	2097	105073.7925
MES	20	2097	4295297.819
GRH	21	2097	101789.5798
MAC	22	2097	2275707.335
HAD	23	2097	1783215.442
SAI	24	2097	338284.4143
RED	25	2097	193707.8918
BWH	26	2097	954814.3261
SSH	27	2097	1984837.544
NCO	28	2097	1182306.99
PCO	29	2097	179601.9596
POB	1	2098	174.307321
KWH	2	2098	66289.74738
SWH	3	2098	45851.50973
MWH	4	2098	867668.3628
FWH	5	2098	850992.7351
BES	6	2098	5816.283927
HOS	7	2098	60845.37308
RIS	8	2098	5285.149498
SBA	9	2098	25332.77367
SBB	10	2098	4765.059413
SHO	11	2098	629590.6799
DEO	12	2098	1352420.16
PEL	13	2098	81242.82876
PES	14	2098	429380.1782
REO	15	2098	289156.9719
DEL	16	2098	52788.78398
FLA	17	2098	79402.38631
LRD	18	2098	505314.252
SSK	19	2098	105045.1294
MES	20	2098	4202469.591
GRH	21	2098	101536.9665
MAC	22	2098	2248098.642
HAD	23	2098	1785811.373
SAI	24	2098	338639.9854
RED	25	2098	189257.6071
BWH	26	2098	960211.2215
SSH	27	2098	2023250.819
NCO	28	2098	1173208.045
PCO	29	2098	180162.456
POB	1	2099	174.311474
KWH	2	2099	65670.20235
SWH	3	2099	45431.63396
MWH	4	2099	865773.7821
FWH	5	2099	849009.5907
BES	6	2099	5815.224089
HOS	7	2099	60793.0006
RIS	8	2099	5282.044414
SBA	9	2099	25310.12083
SBB	10	2099	4754.934265
SHO	11	2099	629514.3751
DEO	12	2099	1350383.444
PEL	13	2099	81113.61353
PES	14	2099	428393.2495
REO	15	2099	295111.0732
DEL	16	2099	52720.14305
FLA	17	2099	79184.97202
LRD	18	2099	504865.5083
SSK	19	2099	105003.8989
MES	20	2099	4334981.97
GRH	21	2099	101474.9723
MAC	22	2099	2369383.75
HAD	23	2099	1791854.684
SAI	24	2099	336902.8308
RED	25	2099	196970.3253
BWH	26	2099	954427.333
SSH	27	2099	2017249.499
NCO	28	2099	1274853.851
PCO	29	2099	170350.8279
POB	1	2100	174.31626
KWH	2	2100	66004.81574
SWH	3	2100	45158.32119
MWH	4	2100	863521.7346
FWH	5	2100	846970.9467
BES	6	2100	5814.140099
HOS	7	2100	60806.75071
RIS	8	2100	5281.404554
SBA	9	2100	25287.00406
SBB	10	2100	4744.950153
SHO	11	2100	628435.8566
DEO	12	2100	1356611.475
PEL	13	2100	80812.61228
PES	14	2100	428059.0405
REO	15	2100	294097.765
DEL	16	2100	51741.92354
FLA	17	2100	79049.19225
LRD	18	2100	508691.3375
SSK	19	2100	105213.5176
MES	20	2100	4292243.286
GRH	21	2100	101436.6212
MAC	22	2100	2130132.466
HAD	23	2100	1776469.888
SAI	24	2100	337881.5874
RED	25	2100	182755.2245
BWH	26	2100	952147.0971
SSH	27	2100	2017151.96
NCO	28	2100	1205706.867
PCO	29	2100	173641.9446
POB	1	2101	174.321556
KWH	2	2101	66472.52291
SWH	3	2101	45231.23705
MWH	4	2101	861440.8264
FWH	5	2101	844947.1249
BES	6	2101	5813.056148
HOS	7	2101	60768.29263
RIS	8	2101	5279.460453
SBA	9	2101	25264.15722
SBB	10	2101	4734.992378
SHO	11	2101	628344.8353
DEO	12	2101	1345557.685
PEL	13	2101	80859.2639
PES	14	2101	427408.9591
REO	15	2101	287427.7825
DEL	16	2101	51466.94975
FLA	17	2101	78991.63936
LRD	18	2101	504953.6993
SSK	19	2101	105059.1396
MES	20	2101	4213697.667
GRH	21	2101	100756.6374
MAC	22	2101	2291765.52
HAD	23	2101	1763976.629
SAI	24	2101	339248.1879
RED	25	2101	185484.6976
BWH	26	2101	961272.6852
SSH	27	2101	2026633.765
NCO	28	2101	1202172.389
PCO	29	2101	180140.0185
POB	1	2102	181.988671
KWH	2	2102	67569.46109
SWH	3	2102	45218.93569
MWH	4	2102	863328.7871
FWH	5	2102	845346.1263
BES	6	2102	5593.965094
HOS	7	2102	61538.98709
RIS	8	2102	4120.31553
SBA	9	2102	25858.18394
SBB	10	2102	4785.149625
SHO	11	2102	620779.5377
DEO	12	2102	1461532.726
PEL	13	2102	86290.51956
PES	14	2102	293436.6106
REO	15	2102	280177.2296
DEL	16	2102	56442.00891
FLA	17	2102	71130.44591
LRD	18	2102	363287.2962
SSK	19	2102	111550.5405
MES	20	2102	4538378.586
GRH	21	2102	106110.6281
MAC	22	2102	2195610.32
HAD	23	2102	1571952.949
SAI	24	2102	240447.6428
RED	25	2102	167822.4216
BWH	26	2102	735338.5143
SSH	27	2102	1778816.997
NCO	28	2102	1135886.01
PCO	29	2102	187713.8453
