Time POB-0 KWH-0 SWH-0 HWH-0 MWH-0 FWH-0 BES-0 HAS-0 HOS-0 RIS-0 SBA-0 SBB-0 SHO-0 DEO-0 PEL-0 PES-0 REO-0 DEL-0 FLA-0 LRD-0 SSK-0 MES-0 GRH-0 MAC-0 HAD-0 SAI-0 RED-0 BWH-0 SSH-0 NCO-0 PCO-0 CAP-0 SCR-0
0.000000e+00 11.240950 194.399982 0.000000 0.000000 0.000000 0.000000 49.999300 2856.930000 516.159667 85.280000 74.388000 117.074250 902.066667 3862.507800 35.455022 2322.144000 1500.000000 162.551967 1638.714000 656.960224 434.797619 41920.606821 3202.937499 0.000000 7159.762500 12716.433336 1781.253750 15510.548064 21384.244001 50690.292008 13411.346848 1417499.999981 24.997920
7.300000e+01 11.240950 194.399982 0.000000 0.387170 0.000000 0.000000 49.999300 18931.598776 516.159667 85.280000 74.388000 117.074250 902.066667 3862.507800 35.455022 2322.144000 1500.000000 162.551967 1638.714000 656.960224 434.797619 41920.606821 3202.937499 0.000000 7159.762500 49.728838 47464.757235 0.000000 69.578419 13339.583238 13411.346848 4734.115287 342.550494
1.460000e+02 19.807528 280.291997 0.000000 0.387170 0.000000 0.000000 49.999300 18931.598776 1995.673031 13.878389 74.388000 117.074250 2105.677107 208.095074 70142.770739 184.484831 318.403942 162.551967 192.679682 108.880387 39.300439 11.456348 3202.937499 0.000000 32.190205 49.728838 47464.757235 0.000000 69.578419 13339.583238 13411.346848 4734.115287 342.550494
2.190000e+02 19.807528 280.291997 0.000000 0.387170 0.000000 0.000000 709.110401 18931.598776 1995.673031 13.878389 134.073023 58.847594 2105.677107 208.095074 70142.770739 184.484831 318.403942 6.380723 192.679682 108.880387 39.300439 11.456348 3202.937499 0.000000 32.190205 49.728838 47464.757235 0.000000 69.578419 13339.583238 13411.346848 4734.115287 342.550494
2.920000e+02 19.807528 280.291997 0.000000 0.387170 0.000000 0.000000 709.110401 18931.598776 1995.673031 13.878389 134.073023 58.847594 2105.677107 208.095074 70142.770739 184.484831 318.403942 6.380723 192.679682 108.880387 39.300439 11.456348 3202.937499 0.000000 32.190205 49.728838 47464.757235 0.000000 69.578419 13339.583238 13411.346848 4734.115287 342.550494
3.650000e+02 19.807528 280.291997 9188.603554 0.387170 1800.519927 24165.835052 709.110401 18931.598776 1995.673031 13.878389 134.073023 58.847594 2105.677107 208.095074 70142.770739 184.484831 318.403942 6.380723 192.679682 108.880387 39.300439 11.456348 3.388983 0.000000 32.190205 49.728838 47464.757235 0.000000 69.578419 13339.583238 2127.020350 4734.115287 342.550494
4.380000e+02 19.807528 280.291997 9188.603554 0.000000 1800.519927 24165.835052 709.110401 19053.932458 1995.673031 13.878389 134.073023 58.847594 2105.677107 208.095074 70142.770739 184.484831 318.403942 6.380723 192.679682 108.880387 39.300439 11.456348 3.388983 0.000000 32.190205 60.016641 32775.830018 0.000000 785.227789 11656.791315 2127.020350 9001.406277 208.354002
5.110000e+02 19.857665 271.241478 9188.603554 0.000000 1800.519927 24165.835052 709.110401 19053.932458 2007.886106 13.573286 134.073023 58.847594 2126.676812 201.503301 143737.018083 138.940674 186.256082 6.380723 151.510470 148.518219 26.326176 10.692931 3.388983 0.000000 4.630686 60.016641 32775.830018 0.000000 785.227789 11656.791315 2127.020350 9001.406277 208.354002
5.840000e+02 19.857665 271.241478 9188.603554 0.000000 1800.519927 24165.835052 731.490051 19053.932458 2007.886106 13.573286 133.987406 59.197565 2126.676812 201.503301 143737.018083 138.940674 186.256082 5.838417 151.510470 148.518219 26.326176 10.692931 3.388983 0.000000 4.630686 60.016641 32775.830018 0.000000 785.227789 11656.791315 2127.020350 9001.406277 208.354002
6.570000e+02 19.857665 271.241478 9188.603554 0.000000 1800.519927 24165.835052 731.490051 19053.932458 2007.886106 13.573286 133.987406 59.197565 2126.676812 201.503301 143737.018083 138.940674 186.256082 5.838417 151.510470 148.518219 26.326176 10.692931 3.388983 0.000000 4.630686 60.016641 32775.830018 0.000000 785.227789 11656.791315 2127.020350 9001.406277 208.354002
7.300000e+02 19.857665 271.241478 9191.346539 0.000000 1791.964929 24015.984366 731.490051 19053.932458 2007.886106 13.573286 133.987406 59.197565 2126.676812 201.503301 143737.018083 138.940674 186.256082 5.838417 151.510470 148.518219 26.326176 10.692931 2.850215 0.000000 4.630686 60.016641 32775.830018 0.000000 785.227789 11656.791315 597.004866 9001.406277 208.354002
8.030000e+02 19.857665 271.241478 9191.346539 0.000000 1791.964929 24015.984366 731.490051 19282.998657 2007.886106 13.573286 133.987406 59.197565 2126.676812 201.503301 143737.018083 138.940674 186.256082 5.838417 151.510470 148.518219 26.326176 10.692931 2.850215 0.000000 4.630686 65.306137 30897.980868 0.000000 835.889531 10912.806296 597.004866 5435.784922 149.541891
8.760000e+02 20.191823 263.851014 9191.346539 0.000000 1791.964929 24015.984366 731.490051 19282.998657 2026.013210 13.468583 133.987406 59.197565 2155.571896 203.226714 362579.596310 143.033712 173.478250 5.838417 147.226604 171.684081 27.166512 10.259560 2.850215 0.000000 30.123008 65.306137 30897.980868 0.000000 835.889531 10912.806296 597.004866 5435.784922 149.541891
9.490000e+02 20.191823 263.851014 9191.346539 0.000000 1791.964929 24015.984366 760.581022 19282.998657 2026.013210 13.468583 133.691612 59.097699 2155.571896 203.226714 362579.596310 143.033712 173.478250 5.657627 147.226604 171.684081 27.166512 10.259560 2.850215 0.000000 30.123008 65.306137 30897.980868 0.000000 835.889531 10912.806296 597.004866 5435.784922 149.541891
1.022000e+03 20.191823 263.851014 9191.346539 0.000000 1791.964929 24015.984366 760.581022 19282.998657 2026.013210 13.468583 133.691612 59.097699 2155.571896 203.226714 362579.596310 143.033712 173.478250 5.657627 147.226604 171.684081 27.166512 10.259560 2.850215 0.000000 30.123008 65.306137 30897.980868 0.000000 835.889531 10912.806296 597.004866 5435.784922 149.541891
1.095000e+03 20.191823 263.851014 9099.871187 0.000000 1803.458523 24016.858115 760.581022 19282.998657 2026.013210 13.468583 133.691612 59.097699 2155.571896 203.226714 362579.596310 143.033712 173.478250 5.657627 147.226604 171.684081 27.166512 10.259560 2.874201 0.000000 30.123008 65.306137 30897.980868 0.000000 835.889531 10912.806296 446.012113 5435.784922 149.541891
1.168000e+03 20.191823 263.851014 9099.871187 0.000000 1803.458523 24016.858115 760.581022 19546.272703 2026.013210 13.468583 133.691612 59.097699 2155.571896 203.226714 362579.596310 143.033712 173.478250 5.657627 147.226604 171.684081 27.166512 10.259560 2.874201 0.000000 30.123008 70.801786 32870.224935 0.000000 1178.583985 9695.436240 446.012113 3561.933453 199.295500
1.241000e+03 20.510238 256.649631 9099.871187 0.000000 1803.458523 24016.858115 760.581022 19546.272703 2039.385808 13.502463 133.691612 59.097699 2171.730104 203.610551 665271.582647 152.919929 170.475766 5.657627 146.566400 182.911234 27.670077 10.751537 2.874201 0.000000 5.708127 70.801786 32870.224935 0.000000 1178.583985 9695.436240 446.012113 3561.933453 199.295500
1.314000e+03 20.510238 256.649631 9099.871187 0.000000 1803.458523 24016.858115 785.837040 19546.272703 2039.385808 13.502463 134.981126 58.205641 2171.730104 203.610551 665271.582647 152.919929 170.475766 5.524387 146.566400 182.911234 27.670077 10.751537 2.874201 0.000000 5.708127 70.801786 32870.224935 0.000000 1178.583985 9695.436240 446.012113 3561.933453 199.295500
1.387000e+03 20.510238 256.649631 9099.871187 0.000000 1803.458523 24016.858115 785.837040 19546.272703 2039.385808 13.502463 134.981126 58.205641 2171.730104 203.610551 665271.582647 152.919929 170.475766 5.524387 146.566400 182.911234 27.670077 10.751537 2.874201 0.000000 5.708127 70.801786 32870.224935 0.000000 1178.583985 9695.436240 446.012113 3561.933453 199.295500
1.460000e+03 20.510238 256.649631 9012.817076 0.000000 1821.474260 24089.652725 785.837040 19546.272703 2039.385808 13.502463 134.981126 58.205641 2171.730104 203.610551 665271.582647 152.919929 170.475766 5.524387 146.566400 182.911234 27.670077 10.751537 2.836706 0.000000 5.708127 70.801786 32870.224935 0.000000 1178.583985 9695.436240 835.085107 3561.933453 199.295500
1.533000e+03 20.510238 256.649631 9012.817076 0.000000 1821.474260 24089.652725 785.837040 19750.159509 2039.385808 13.502463 134.981126 58.205641 2171.730104 203.610551 665271.582647 152.919929 170.475766 5.524387 146.566400 182.911234 27.670077 10.751537 2.836706 0.000000 5.708127 73.530253 35211.679858 0.000000 1468.153642 8369.987397 835.085107 8849.642182 512.532665
1.606000e+03 20.632317 249.866276 9012.817076 0.000000 1821.474260 24089.652725 785.837040 19750.159509 2049.543147 13.588422 134.981126 58.205641 2195.569759 202.373463 904368.205509 131.799308 165.878319 5.524387 147.151480 188.269463 27.941808 11.067615 2.836706 0.000000 66.269798 73.530253 35211.679858 0.000000 1468.153642 8369.987397 835.085107 8849.642182 512.532665
1.679000e+03 20.632317 249.866276 9012.817076 0.000000 1821.474260 24089.652725 809.165762 19750.159509 2049.543147 13.588422 139.731907 57.379922 2195.569759 202.373463 904368.205509 131.799308 165.878319 5.443253 147.151480 188.269463 27.941808 11.067615 2.836706 0.000000 66.269798 73.530253 35211.679858 0.000000 1468.153642 8369.987397 835.085107 8849.642182 512.532665
1.752000e+03 20.632317 249.866276 9012.817076 0.000000 1821.474260 24089.652725 809.165762 19750.159509 2049.543147 13.588422 139.731907 57.379922 2195.569759 202.373463 904368.205509 131.799308 165.878319 5.443253 147.151480 188.269463 27.941808 11.067615 2.836706 0.000000 66.269798 73.530253 35211.679858 0.000000 1468.153642 8369.987397 835.085107 8849.642182 512.532665
1.825000e+03 20.632317 249.866276 8928.071471 0.000000 1840.003005 24184.422479 809.165762 19750.159509 2049.543147 13.588422 139.731907 57.379922 2195.569759 202.373463 904368.205509 131.799308 165.878319 5.443253 147.151480 188.269463 27.941808 11.067615 3.060783 0.000000 66.269798 73.530253 35211.679858 0.000000 1468.153642 8369.987397 1336.960675 8849.642182 512.532665
1.898000e+03 20.632317 249.866276 8928.071471 0.000000 1840.003005 24184.422479 809.165762 19929.698335 2049.543147 13.588422 139.731907 57.379922 2195.569759 202.373463 904368.205509 131.799308 165.878319 5.443253 147.151480 188.269463 27.941808 11.067615 3.060783 0.000000 66.269798 76.912325 36947.598999 0.000000 729.337938 7625.858036 1336.960675 10823.034655 674.346398
1.971000e+03 20.788711 243.751792 8928.071471 0.000000 1840.003005 24184.422479 809.165762 19929.698335 2059.123977 13.727224 139.731907 57.379922 2222.973427 201.474977 1105112.714271 151.240500 161.810850 5.443253 148.140303 191.266979 27.633799 11.271968 3.060783 0.000000 12.455634 76.912325 36947.598999 0.000000 729.337938 7625.858036 1336.960675 10823.034655 674.346398
2.044000e+03 20.788711 243.751792 8928.071471 0.000000 1840.003005 24184.422479 831.408981 19929.698335 2059.123977 13.727224 147.900084 56.396878 2222.973427 201.474977 1105112.714271 151.240500 161.810850 5.408069 148.140303 191.266979 27.633799 11.271968 3.060783 0.000000 12.455634 76.912325 36947.598999 0.000000 729.337938 7625.858036 1336.960675 10823.034655 674.346398
2.117000e+03 20.788711 243.751792 8928.071471 0.000000 1840.003005 24184.422479 831.408981 19929.698335 2059.123977 13.727224 147.900084 56.396878 2222.973427 201.474977 1105112.714271 151.240500 161.810850 5.408069 148.140303 191.266979 27.633799 11.271968 3.060783 0.000000 12.455634 76.912325 36947.598999 0.000000 729.337938 7625.858036 1336.960675 10823.034655 674.346398
2.190000e+03 20.788711 243.751792 8786.100680 0.000000 1847.760330 24283.253815 831.408981 19929.698335 2059.123977 13.727224 147.900084 56.396878 2222.973427 201.474977 1105112.714271 151.240500 161.810850 5.408069 148.140303 191.266979 27.633799 11.271968 3.109536 0.000000 12.455634 76.912325 36947.598999 0.000000 729.337938 7625.858036 2198.436048 10823.034655 674.346398
2.263000e+03 20.788711 243.751792 8786.100680 0.000000 1847.760330 24283.253815 831.408981 20084.889745 2059.123977 13.727224 147.900084 56.396878 2222.973427 201.474977 1105112.714271 151.240500 161.810850 5.408069 148.140303 191.266979 27.633799 11.271968 3.109536 0.000000 12.455634 77.964265 37762.991956 0.000000 1286.637839 7371.970285 2198.436048 6615.878576 721.743436
2.336000e+03 20.403213 237.953249 8786.100680 0.000000 1847.760330 24283.253815 831.408981 20084.889745 2070.515703 13.887878 147.900084 56.396878 2227.887267 201.370289 1230868.182404 159.234413 160.472513 5.408069 149.446055 192.975017 27.466619 11.457848 3.109536 0.000000 7.006619 77.964265 37762.991956 0.000000 1286.637839 7371.970285 2198.436048 6615.878576 721.743436
2.409000e+03 20.403213 237.953249 8786.100680 0.000000 1847.760330 24283.253815 850.625541 20084.889745 2070.515703 13.887878 158.783599 55.566165 2227.887267 201.370289 1230868.182404 159.234413 160.472513 5.399035 149.446055 192.975017 27.466619 11.457848 3.109536 0.000000 7.006619 77.964265 37762.991956 0.000000 1286.637839 7371.970285 2198.436048 6615.878576 721.743436
2.482000e+03 20.403213 237.953249 8786.100680 0.000000 1847.760330 24283.253815 850.625541 20084.889745 2070.515703 13.887878 158.783599 55.566165 2227.887267 201.370289 1230868.182404 159.234413 160.472513 5.399035 149.446055 192.975017 27.466619 11.457848 3.109536 0.000000 7.006619 77.964265 37762.991956 0.000000 1286.637839 7371.970285 2198.436048 6615.878576 721.743436
2.555000e+03 20.403213 237.953249 8643.408608 0.000000 1853.126778 24266.208698 850.625541 20084.889745 2070.515703 13.887878 158.783599 55.566165 2227.887267 201.370289 1230868.182404 159.234413 160.472513 5.399035 149.446055 192.975017 27.466619 11.457848 3.272483 0.000000 7.006619 77.964265 37762.991956 0.000000 1286.637839 7371.970285 2901.722141 6615.878576 721.743436
2.628000e+03 20.403213 237.953249 8643.408608 0.000000 1853.126778 24266.208698 850.625541 20220.639487 2070.515703 13.887878 158.783599 55.566165 2227.887267 201.370289 1230868.182404 159.234413 160.472513 5.399035 149.446055 192.975017 27.466619 11.457848 3.272483 0.000000 7.006619 79.645617 37692.756209 0.000000 851.381591 7409.575360 2901.722141 7614.566670 713.442761
2.701000e+03 19.998333 232.378438 8643.408608 0.000000 1853.126778 24266.208698 850.625541 20220.639487 2082.970922 14.050776 158.783599 55.566165 2227.817318 199.944101 1366758.749780 201.991626 159.142095 5.399035 150.285811 196.065646 26.974042 11.624316 3.272483 0.000000 68.110132 79.645617 37692.756209 0.000000 851.381591 7409.575360 2901.722141 7614.566670 713.442761
2.774000e+03 19.998333 232.378438 8643.408608 0.000000 1853.126778 24266.208698 870.112478 20220.639487 2082.970922 14.050776 169.582292 54.773536 2227.817318 199.944101 1366758.749780 201.991626 159.142095 5.416758 150.285811 196.065646 26.974042 11.624316 3.272483 0.000000 68.110132 79.645617 37692.756209 0.000000 851.381591 7409.575360 2901.722141 7614.566670 713.442761
2.847000e+03 19.998333 232.378438 8643.408608 0.000000 1853.126778 24266.208698 870.112478 20220.639487 2082.970922 14.050776 169.582292 54.773536 2227.817318 199.944101 1366758.749780 201.991626 159.142095 5.416758 150.285811 196.065646 26.974042 11.624316 3.272483 0.000000 68.110132 79.645617 37692.756209 0.000000 851.381591 7409.575360 2901.722141 7614.566670 713.442761
2.920000e+03 19.998333 232.378438 8503.997901 0.000000 1856.755756 24231.377138 870.112478 20220.639487 2082.970922 14.050776 169.582292 54.773536 2227.817318 199.944101 1366758.749780 201.991626 159.142095 5.416758 150.285811 196.065646 26.974042 11.624316 3.336691 0.000000 68.110132 79.645617 37692.756209 0.000000 851.381591 7409.575360 2040.042329 7614.566670 713.442761
2.993000e+03 19.998333 232.378438 8503.997901 0.000000 1856.755756 24231.377138 870.112478 20245.816593 2082.970922 14.050776 169.582292 54.773536 2227.817318 199.944101 1366758.749780 201.991626 159.142095 5.416758 150.285811 196.065646 26.974042 11.624316 3.336691 0.000000 68.110132 80.441813 37545.275611 0.000000 1640.894044 7518.908898 2040.042329 12520.058205 697.835243
3.066000e+03 19.814751 226.942823 8503.997901 0.000000 1856.755756 24231.377138 870.112478 20245.816593 2096.059903 14.207571 169.582292 54.773536 2221.557520 198.355963 1510506.781883 243.663918 158.056223 5.416758 151.144051 201.650528 26.788215 11.743801 3.336691 0.000000 5.152672 80.441813 37545.275611 0.000000 1640.894044 7518.908898 2040.042329 12520.058205 697.835243
3.139000e+03 19.814751 226.942823 8503.997901 0.000000 1856.755756 24231.377138 889.746060 20245.816593 2096.059903 14.207571 181.447585 54.012865 2221.557520 198.355963 1510506.781883 243.663918 158.056223 5.433397 151.144051 201.650528 26.788215 11.743801 3.336691 0.000000 5.152672 80.441813 37545.275611 0.000000 1640.894044 7518.908898 2040.042329 12520.058205 697.835243
3.212000e+03 19.814751 226.942823 8503.997901 0.000000 1856.755756 24231.377138 889.746060 20245.816593 2096.059903 14.207571 181.447585 54.012865 2221.557520 198.355963 1510506.781883 243.663918 158.056223 5.433397 151.144051 201.650528 26.788215 11.743801 3.336691 0.000000 5.152672 80.441813 37545.275611 0.000000 1640.894044 7518.908898 2040.042329 12520.058205 697.835243
3.285000e+03 19.814751 226.942823 8368.351439 0.000000 1859.909725 24186.926247 889.746060 20245.816593 2096.059903 14.207571 181.447585 54.012865 2221.557520 198.355963 1510506.781883 243.663918 158.056223 5.433397 151.144051 201.650528 26.788215 11.743801 4.491942 0.000000 5.152672 80.441813 37545.275611 0.000000 1640.894044 7518.908898 1585.310551 12520.058205 697.835243
3.358000e+03 19.814751 226.942823 8368.351439 0.000000 1859.909725 24186.926247 889.746060 20260.243004 2096.059903 14.207571 181.447585 54.012865 2221.557520 198.355963 1510506.781883 243.663918 158.056223 5.433397 151.144051 201.650528 26.788215 11.743801 4.491942 0.000000 5.152672 81.673500 38591.632988 0.000000 1167.634284 7589.453438 1585.310551 9842.131957 689.999388
3.431000e+03 19.626671 221.574954 8368.351439 0.000000 1859.909725 24186.926247 889.746060 20260.243004 2103.829430 14.354982 181.447585 54.012865 2185.875392 196.671877 1644214.776225 264.371755 155.060159 5.433397 151.213802 209.116459 27.226957 11.827663 4.491942 0.000000 7.454894 81.673500 38591.632988 0.000000 1167.634284 7589.453438 1585.310551 9842.131957 689.999388
3.504000e+03 19.626671 221.574954 8368.351439 0.000000 1859.909725 24186.926247 906.884698 20260.243004 2103.829430 14.354982 193.247760 52.914701 2185.875392 196.671877 1644214.776225 264.371755 155.060159 5.446013 151.213802 209.116459 27.226957 11.827663 4.491942 0.000000 7.454894 81.673500 38591.632988 0.000000 1167.634284 7589.453438 1585.310551 9842.131957 689.999388
3.577000e+03 19.626671 221.574954 8368.351439 0.000000 1859.909725 24186.926247 906.884698 20260.243004 2103.829430 14.354982 193.247760 52.914701 2185.875392 196.671877 1644214.776225 264.371755 155.060159 5.446013 151.213802 209.116459 27.226957 11.827663 4.491942 0.000000 7.454894 81.673500 38591.632988 0.000000 1167.634284 7589.453438 1585.310551 9842.131957 689.999388
3.650000e+03 19.626671 221.574954 8236.709092 0.000000 1863.164868 24141.428806 906.884698 20260.243004 2103.829430 14.354982 193.247760 52.914701 2185.875392 196.671877 1644214.776225 264.371755 155.060159 5.446013 151.213802 209.116459 27.226957 11.827663 4.889781 0.000000 7.454894 81.673500 38591.632988 0.000000 1167.634284 7589.453438 2297.886914 9842.131957 689.999388
3.723000e+03 19.626671 221.574954 8236.709092 0.000000 1863.164868 24141.428806 906.884698 20265.848244 2103.829430 14.354982 193.247760 52.914701 2185.875392 196.671877 1644214.776225 264.371755 155.060159 5.446013 151.213802 209.116459 27.226957 11.827663 4.889781 0.000000 7.454894 82.152132 37377.743511 0.000000 1614.595877 7649.339582 2297.886914 7774.695854 695.763829
3.796000e+03 19.547856 216.075959 8236.709092 0.000000 1863.164868 24141.428806 906.884698 20265.848244 2112.324628 14.491743 193.247760 52.914701 2145.309526 195.188530 1643765.592129 257.446539 152.248484 5.446013 151.154264 217.937744 28.223270 11.891797 4.889781 0.000000 8.179820 82.152132 37377.743511 0.000000 1614.595877 7649.339582 2297.886914 7774.695854 695.763829
3.869000e+03 19.547856 216.075959 8236.709092 0.000000 1863.164868 24141.428806 924.234739 20265.848244 2112.324628 14.491743 205.521380 51.820115 2145.309526 195.188530 1643765.592129 257.446539 152.248484 5.460541 151.154264 217.937744 28.223270 11.891797 4.889781 0.000000 8.179820 82.152132 37377.743511 0.000000 1614.595877 7649.339582 2297.886914 7774.695854 695.763829
3.942000e+03 19.547856 216.075959 8236.709092 0.000000 1863.164868 24141.428806 924.234739 20265.848244 2112.324628 14.491743 205.521380 51.820115 2145.309526 195.188530 1643765.592129 257.446539 152.248484 5.460541 151.154264 217.937744 28.223270 11.891797 4.889781 0.000000 8.179820 82.152132 37377.743511 0.000000 1614.595877 7649.339582 2297.886914 7774.695854 695.763829
4.015000e+03 19.547856 216.075959 8101.995302 0.000000 1862.338699 24095.222158 924.234739 20265.848244 2112.324628 14.491743 205.521380 51.820115 2145.309526 195.188530 1643765.592129 257.446539 152.248484 5.460541 151.154264 217.937744 28.223270 11.891797 5.354448 0.000000 8.179820 82.152132 37377.743511 0.000000 1614.595877 7649.339582 3127.425373 7774.695854 695.763829
4.088000e+03 19.547856 216.075959 8101.995302 0.000000 1862.338699 24095.222158 924.234739 20264.693534 2112.324628 14.491743 205.521380 51.820115 2145.309526 195.188530 1643765.592129 257.446539 152.248484 5.460541 151.154264 217.937744 28.223270 11.891797 5.354448 0.000000 8.179820 83.413476 38933.337993 0.000000 2032.089489 7820.304504 3127.425373 10217.848211 645.847975
4.161000e+03 19.465451 210.592389 8101.995302 0.000000 1862.338699 24095.222158 924.234739 20264.693534 2121.415532 14.619062 205.521380 51.820115 2105.805494 193.013282 1647780.630474 247.856598 149.248981 5.460541 150.336696 225.972426 29.771534 11.881841 5.354448 0.000000 10.041864 83.413476 38933.337993 0.000000 2032.089489 7820.304504 3127.425373 10217.848211 645.847975
4.234000e+03 19.465451 210.592389 8101.995302 0.000000 1862.338699 24095.222158 941.750160 20264.693534 2121.415532 14.619062 218.693619 50.726001 2105.805494 193.013282 1647780.630474 247.856598 149.248981 5.473673 150.336696 225.972426 29.771534 11.881841 5.354448 0.000000 10.041864 83.413476 38933.337993 0.000000 2032.089489 7820.304504 3127.425373 10217.848211 645.847975
4.307000e+03 19.465451 210.592389 8101.995302 0.000000 1862.338699 24095.222158 941.750160 20264.693534 2121.415532 14.619062 218.693619 50.726001 2105.805494 193.013282 1647780.630474 247.856598 149.248981 5.473673 150.336696 225.972426 29.771534 11.881841 5.354448 0.000000 10.041864 83.413476 38933.337993 0.000000 2032.089489 7820.304504 3127.425373 10217.848211 645.847975
4.380000e+03 19.465451 210.592389 7968.511469 0.000000 1861.885782 24041.441449 941.750160 20264.693534 2121.415532 14.619062 218.693619 50.726001 2105.805494 193.013282 1647780.630474 247.856598 149.248981 5.473673 150.336696 225.972426 29.771534 11.881841 5.363754 0.000000 10.041864 83.413476 38933.337993 0.000000 2032.089489 7820.304504 1959.662789 10217.848211 645.847975
4.453000e+03 19.465451 210.592389 7968.511469 0.000000 1861.885782 24041.441449 941.750160 20236.991643 2121.415532 14.619062 218.693619 50.726001 2105.805494 193.013282 1647780.630474 247.856598 149.248981 5.473673 150.336696 225.972426 29.771534 11.881841 5.363754 0.000000 10.041864 84.908016 39487.727553 0.000000 767.864413 7801.027712 1959.662789 16044.133558 595.142413
4.526000e+03 19.607305 205.118779 7968.511469 0.000000 1861.885782 24041.441449 941.750160 20236.991643 2131.011266 14.712492 218.693619 50.726001 2076.769310 191.675830 1648841.395164 241.257302 147.323454 5.473673 149.463360 233.497953 31.605797 11.878656 5.363754 0.000000 9.430809 84.908016 39487.727553 0.000000 767.864413 7801.027712 1959.662789 16044.133558 595.142413
4.599000e+03 19.607305 205.118779 7968.511469 0.000000 1861.885782 24041.441449 956.975423 20236.991643 2131.011266 14.712492 232.400532 49.632843 2076.769310 191.675830 1648841.395164 241.257302 147.323454 5.485411 149.463360 233.497953 31.605797 11.878656 5.363754 0.000000 9.430809 84.908016 39487.727553 0.000000 767.864413 7801.027712 1959.662789 16044.133558 595.142413
4.672000e+03 19.607305 205.118779 7968.511469 0.000000 1861.885782 24041.441449 956.975423 20236.991643 2131.011266 14.712492 232.400532 49.632843 2076.769310 191.675830 1648841.395164 241.257302 147.323454 5.485411 149.463360 233.497953 31.605797 11.878656 5.363754 0.000000 9.430809 84.908016 39487.727553 0.000000 767.864413 7801.027712 1959.662789 16044.133558 595.142413
4.745000e+03 19.607305 205.118779 7839.142183 0.000000 1861.730010 23938.714174 956.975423 20236.991643 2131.011266 14.712492 232.400532 49.632843 2076.769310 191.675830 1648841.395164 241.257302 147.323454 5.485411 149.463360 233.497953 31.605797 11.878656 5.247285 0.000000 9.430809 84.908016 39487.727553 0.000000 767.864413 7801.027712 2742.432229 16044.133558 595.142413
4.818000e+03 19.607305 205.118779 7839.142183 0.000000 1861.730010 23938.714174 956.975423 20208.591493 2131.011266 14.712492 232.400532 49.632843 2076.769310 191.675830 1648841.395164 241.257302 147.323454 5.485411 149.463360 233.497953 31.605797 11.878656 5.247285 0.000000 9.430809 86.617805 38213.135389 0.000000 781.758948 7776.476469 2742.432229 5801.252756 596.967335
4.891000e+03 19.750752 199.646467 7839.142183 0.000000 1861.730010 23938.714174 956.975423 20208.591493 2141.124930 14.802583 232.400532 49.632843 2049.654262 190.898969 1649906.740860 237.953001 147.696924 5.485411 148.467143 238.896930 34.180944 11.889466 5.247285 0.000000 8.803402 86.617805 38213.135389 0.000000 781.758948 7776.476469 2742.432229 5801.252756 596.967335
4.964000e+03 19.750752 199.646467 7839.142183 0.000000 1861.730010 23938.714174 972.439412 20208.591493 2141.124930 14.802583 248.714582 48.866362 2049.654262 190.898969 1649906.740860 237.953001 147.696924 5.497252 148.467143 238.896930 34.180944 11.889466 5.247285 0.000000 8.803402 86.617805 38213.135389 0.000000 781.758948 7776.476469 2742.432229 5801.252756 596.967335
5.037000e+03 19.750752 199.646467 7839.142183 0.000000 1861.730010 23938.714174 972.439412 20208.591493 2141.124930 14.802583 248.714582 48.866362 2049.654262 190.898969 1649906.740860 237.953001 147.696924 5.497252 148.467143 238.896930 34.180944 11.889466 5.247285 0.000000 8.803402 86.617805 38213.135389 0.000000 781.758948 7776.476469 2742.432229 5801.252756 596.967335
5.110000e+03 19.750752 199.646467 7713.535413 0.000000 1861.823107 23837.895601 972.439412 20208.591493 2141.124930 14.802583 248.714582 48.866362 2049.654262 190.898969 1649906.740860 237.953001 147.696924 5.497252 148.467143 238.896930 34.180944 11.889466 5.108816 0.000000 8.803402 86.617805 38213.135389 0.000000 781.758948 7776.476469 4409.895261 5801.252756 596.967335
5.183000e+03 19.750752 199.646467 7713.535413 0.000000 1861.823107 23837.895601 972.439412 20180.222761 2141.124930 14.802583 248.714582 48.866362 2049.654262 190.898969 1649906.740860 237.953001 147.696924 5.497252 148.467143 238.896930 34.180944 11.889466 5.108816 0.000000 8.803402 88.374935 38524.138463 0.000000 852.621968 7870.119938 4409.895261 7141.050068 627.939777
5.256000e+03 19.792031 194.168244 7713.535413 0.000000 1861.823107 23837.895601 972.439412 20180.222761 2151.755419 14.889411 248.714582 48.866362 2023.872360 189.995856 1648673.204108 239.376207 145.491934 5.497252 148.262411 244.421228 36.557078 11.882395 5.108816 0.000000 211.197825 88.374935 38524.138463 0.000000 852.621968 7870.119938 4409.895261 7141.050068 627.939777
5.329000e+03 19.792031 194.168244 7713.535413 0.000000 1861.823107 23837.895601 988.064849 20180.222761 2151.755419 14.889411 265.519938 48.096215 2023.872360 189.995856 1648673.204108 239.376207 145.491934 5.508230 148.262411 244.421228 36.557078 11.882395 5.108816 0.000000 211.197825 88.374935 38524.138463 0.000000 852.621968 7870.119938 4409.895261 7141.050068 627.939777
5.402000e+03 19.792031 194.168244 7713.535413 0.000000 1861.823107 23837.895601 988.064849 20180.222761 2151.755419 14.889411 265.519938 48.096215 2023.872360 189.995856 1648673.204108 239.376207 145.491934 5.508230 148.262411 244.421228 36.557078 11.882395 5.108816 0.000000 211.197825 88.374935 38524.138463 0.000000 852.621968 7870.119938 4409.895261 7141.050068 627.939777
5.475000e+03 19.792031 194.168244 7591.418673 0.000000 1862.111320 23738.732029 988.064849 20180.222761 2151.755419 14.889411 265.519938 48.096215 2023.872360 189.995856 1648673.204108 239.376207 145.491934 5.508230 148.262411 244.421228 36.557078 11.882395 4.898539 0.000000 211.197825 88.374935 38524.138463 0.000000 852.621968 7870.119938 3500.836389 7141.050068 627.939777
5.548000e+03 19.792031 194.168244 7591.418673 0.000000 1862.111320 23738.732029 988.064849 20151.988913 2151.755419 14.889411 265.519938 48.096215 2023.872360 189.995856 1648673.204108 239.376207 145.491934 5.508230 148.262411 244.421228 36.557078 11.882395 4.898539 0.000000 211.197825 85.760460 38586.592202 0.000000 1218.864637 7947.612168 3500.836389 15270.506669 599.086024
5.621000e+03 19.938595 188.833838 7591.418673 0.000000 1862.111320 23738.732029 988.064849 20151.988913 2162.873485 14.973892 265.519938 48.096215 2015.270668 189.472723 1647444.840818 241.536117 142.194239 5.508230 147.040799 250.440475 39.636374 11.880996 4.898539 0.000000 12.567034 85.760460 38586.592202 0.000000 1218.864637 7947.612168 3500.836389 15270.506669 599.086024
5.694000e+03 19.938595 188.833838 7591.418673 0.000000 1862.111320 23738.732029 1003.818955 20151.988913 2162.873485 14.973892 283.166492 47.678902 2015.270668 189.472723 1647444.840818 241.536117 142.194239 5.521809 147.040799 250.440475 39.636374 11.880996 4.898539 0.000000 12.567034 85.760460 38586.592202 0.000000 1218.864637 7947.612168 3500.836389 15270.506669 599.086024
5.767000e+03 19.938595 188.833838 7591.418673 0.000000 1862.111320 23738.732029 1003.818955 20151.988913 2162.873485 14.973892 283.166492 47.678902 2015.270668 189.472723 1647444.840818 241.536117 142.194239 5.521809 147.040799 250.440475 39.636374 11.880996 4.898539 0.000000 12.567034 85.760460 38586.592202 0.000000 1218.864637 7947.612168 3500.836389 15270.506669 599.086024
5.840000e+03 19.938595 188.833838 7469.186737 0.000000 1858.289160 23641.041342 1003.818955 20151.988913 2162.873485 14.973892 283.166492 47.678902 2015.270668 189.472723 1647444.840818 241.536117 142.194239 5.521809 147.040799 250.440475 39.636374 11.880996 4.752476 0.000000 12.567034 85.760460 38586.592202 0.000000 1218.864637 7947.612168 2780.922516 15270.506669 599.086024
5.913000e+03 19.938595 188.833838 7469.186737 0.000000 1858.289160 23641.041342 1003.818955 20124.112684 2162.873485 14.973892 283.166492 47.678902 2015.270668 189.472723 1647444.840818 241.536117 142.194239 5.521809 147.040799 250.440475 39.636374 11.880996 4.752476 0.000000 12.567034 83.396030 38519.274144 0.000000 1698.364384 7865.051813 2780.922516 11654.325556 593.725273
5.986000e+03 20.085153 183.484929 7469.186737 0.000000 1858.289160 23641.041342 1003.818955 20124.112684 2174.484885 15.055652 283.166492 47.678902 2006.776992 189.739181 1647019.766722 243.008956 139.122457 5.521809 147.357982 259.111332 42.327946 11.876372 4.752476 0.000000 6.082899 83.396030 38519.274144 0.000000 1698.364384 7865.051813 2780.922516 11654.325556 593.725273
6.059000e+03 20.085153 183.484929 7469.186737 0.000000 1858.289160 23641.041342 1019.676574 20124.112684 2174.484885 15.055652 301.526831 47.812109 2006.776992 189.739181 1647019.766722 243.008956 139.122457 5.527290 147.357982 259.111332 42.327946 11.876372 4.752476 0.000000 6.082899 83.396030 38519.274144 0.000000 1698.364384 7865.051813 2780.922516 11654.325556 593.725273
6.132000e+03 20.085153 183.484929 7469.186737 0.000000 1858.289160 23641.041342 1019.676574 20124.112684 2174.484885 15.055652 301.526831 47.812109 2006.776992 189.739181 1647019.766722 243.008956 139.122457 5.527290 147.357982 259.111332 42.327946 11.876372 4.752476 0.000000 6.082899 83.396030 38519.274144 0.000000 1698.364384 7865.051813 2780.922516 11654.325556 593.725273
6.205000e+03 20.085153 183.484929 7347.243849 0.000000 1854.746469 23544.706143 1019.676574 20124.112684 2174.484885 15.055652 301.526831 47.812109 2006.776992 189.739181 1647019.766722 243.008956 139.122457 5.527290 147.357982 259.111332 42.327946 11.876372 4.537724 0.000000 6.082899 83.396030 38519.274144 0.000000 1698.364384 7865.051813 3389.292722 11654.325556 593.725273
6.278000e+03 20.085153 183.484929 7347.243849 0.000000 1854.746469 23544.706143 1019.676574 20096.878055 2174.484885 15.055652 301.526831 47.812109 2006.776992 189.739181 1647019.766722 243.008956 139.122457 5.527290 147.357982 259.111332 42.327946 11.876372 4.537724 0.000000 6.082899 78.492625 39212.026360 0.000000 1841.250489 7928.180203 3389.292722 9465.509330 617.271902
6.351000e+03 20.335875 178.120162 7347.243849 0.000000 1854.746469 23544.706143 1019.676574 20096.878055 2186.586228 15.135148 301.526831 47.812109 1998.169178 188.389375 1647179.346642 242.991919 140.405025 5.527290 146.474192 266.291095 44.929232 11.879561 4.537724 0.000000 10.672391 78.492625 39212.026360 0.000000 1841.250489 7928.180203 3389.292722 9465.509330 617.271902
6.424000e+03 20.335875 178.120162 7347.243849 0.000000 1854.746469 23544.706143 1035.603687 20096.878055 2186.586228 15.135148 320.990257 48.160785 1998.169178 188.389375 1647179.346642 242.991919 140.405025 5.538207 146.474192 266.291095 44.929232 11.879561 4.537724 0.000000 10.672391 78.492625 39212.026360 0.000000 1841.250489 7928.180203 3389.292722 9465.509330 617.271902
6.497000e+03 20.335875 178.120162 7347.243849 0.000000 1854.746469 23544.706143 1035.603687 20096.878055 2186.586228 15.135148 320.990257 48.160785 1998.169178 188.389375 1647179.346642 242.991919 140.405025 5.538207 146.474192 266.291095 44.929232 11.879561 4.537724 0.000000 10.672391 78.492625 39212.026360 0.000000 1841.250489 7928.180203 3389.292722 9465.509330 617.271902
6.570000e+03 20.335875 178.120162 7228.364845 0.000000 1851.456119 23449.649305 1035.603687 20096.878055 2186.586228 15.135148 320.990257 48.160785 1998.169178 188.389375 1647179.346642 242.991919 140.405025 5.538207 146.474192 266.291095 44.929232 11.879561 4.467537 0.000000 10.672391 78.492625 39212.026360 0.000000 1841.250489 7928.180203 4467.755996 9465.509330 617.271902
6.643000e+03 20.335875 178.120162 7228.364845 0.000000 1851.456119 23449.649305 1035.603687 20070.535093 2186.586228 15.135148 320.990257 48.160785 1998.169178 188.389375 1647179.346642 242.991919 140.405025 5.538207 146.474192 266.291095 44.929232 11.879561 4.467537 0.000000 10.672391 72.139550 39611.518396 0.000000 1183.668746 7860.177481 4467.755996 15023.106614 598.897754
6.716000e+03 20.507683 172.738198 7228.364845 0.000000 1851.456119 23449.649305 1035.603687 20070.535093 2199.158912 15.212567 320.990257 48.160785 2020.938961 187.850202 1648111.101850 243.268947 140.745814 5.538207 146.643760 269.242955 47.306774 11.875910 4.467537 0.000000 12.012226 72.139550 39611.518396 0.000000 1183.668746 7860.177481 4467.755996 15023.106614 598.897754
6.789000e+03 20.507683 172.738198 7228.364845 0.000000 1851.456119 23449.649305 1053.919853 20070.535093 2199.158912 15.212567 340.523372 48.916422 2020.938961 187.850202 1648111.101850 243.268947 140.745814 5.538205 146.643760 269.242955 47.306774 11.875910 4.467537 0.000000 12.012226 72.139550 39611.518396 0.000000 1183.668746 7860.177481 4467.755996 15023.106614 598.897754
6.862000e+03 20.507683 172.738198 7228.364845 0.000000 1851.456119 23449.649305 1053.919853 20070.535093 2199.158912 15.212567 340.523372 48.916422 2020.938961 187.850202 1648111.101850 243.268947 140.745814 5.538205 146.643760 269.242955 47.306774 11.875910 4.467537 0.000000 12.012226 72.139550 39611.518396 0.000000 1183.668746 7860.177481 4467.755996 15023.106614 598.897754
6.935000e+03 20.507683 172.738198 7112.439345 0.000000 1848.405719 23306.626115 1053.919853 20070.535093 2199.158912 15.212567 340.523372 48.916422 2020.938961 187.850202 1648111.101850 243.268947 140.745814 5.538205 146.643760 269.242955 47.306774 11.875910 4.376230 0.000000 12.012226 72.139550 39611.518396 0.000000 1183.668746 7860.177481 2025.951215 15023.106614 598.897754
7.008000e+03 20.507683 172.738198 7112.439345 0.000000 1848.405719 23306.626115 1053.919853 20045.274004 2199.158912 15.212567 340.523372 48.916422 2020.938961 187.850202 1648111.101850 243.268947 140.745814 5.538205 146.643760 269.242955 47.306774 11.875910 4.376230 0.000000 12.012226 65.025816 41106.314061 0.000000 1823.908052 7826.741124 2025.951215 15589.191450 591.315279
7.081000e+03 20.955011 167.336520 7112.439345 0.000000 1848.405719 23306.626115 1053.919853 20045.274004 2212.207632 15.288331 340.523372 48.916422 2045.315417 188.394388 1647530.834734 246.946688 141.151931 5.538205 146.676422 269.881560 49.272091 11.859274 4.376230 0.000000 3.914048 65.025816 41106.314061 0.000000 1823.908052 7826.741124 2025.951215 15589.191450 591.315279
7.154000e+03 20.955011 167.336520 7112.439345 0.000000 1848.405719 23306.626115 1072.202975 20045.274004 2212.207632 15.288331 356.941974 49.379620 2045.315417 188.394388 1647530.834734 246.946688 141.151931 5.552648 146.676422 269.881560 49.272091 11.859274 4.376230 0.000000 3.914048 65.025816 41106.314061 0.000000 1823.908052 7826.741124 2025.951215 15589.191450 591.315279
7.227000e+03 20.955011 167.336520 7112.439345 0.000000 1848.405719 23306.626115 1072.202975 20045.274004 2212.207632 15.288331 356.941974 49.379620 2045.315417 188.394388 1647530.834734 246.946688 141.151931 5.552648 146.676422 269.881560 49.272091 11.859274 4.376230 0.000000 3.914048 65.025816 41106.314061 0.000000 1823.908052 7826.741124 2025.951215 15589.191450 591.315279
7.300000e+03 20.955011 167.336520 6999.523981 0.000000 1845.583048 23165.562128 1072.202975 20045.274004 2212.207632 15.288331 356.941974 49.379620 2045.315417 188.394388 1647530.834734 246.946688 141.151931 5.552648 146.676422 269.881560 49.272091 11.859274 4.437229 0.000000 3.914048 65.025816 41106.314061 0.000000 1823.908052 7826.741124 3360.067915 15589.191450 591.315279
7.373000e+03 20.955011 167.336520 6999.523981 0.000000 1845.583048 23165.562128 1072.202975 19974.728989 2212.207632 15.288331 356.941974 49.379620 2045.315417 188.394388 1647530.834734 246.946688 141.151931 5.552648 146.676422 269.881560 49.272091 11.859274 4.437229 0.000000 3.914048 59.397292 40418.244426 0.000000 1764.048444 7677.041220 3360.067915 9336.323169 634.511197
7.446000e+03 21.180827 161.345127 6999.523981 0.000000 1845.583048 23165.562128 1072.202975 19974.728989 2225.729891 15.363104 356.941974 49.379620 2073.270407 188.579649 1649011.604174 253.540556 137.697071 5.552648 146.628474 269.041877 50.502472 11.882233 4.437229 0.000000 7.814851 59.397292 40418.244426 0.000000 1764.048444 7677.041220 3360.067915 9336.323169 634.511197
7.519000e+03 21.180827 161.345127 6999.523981 0.000000 1845.583048 23165.562128 1090.494511 19974.728989 2225.729891 15.363104 369.763909 49.500168 2073.270407 188.579649 1649011.604174 253.540556 137.697071 5.551879 146.628474 269.041877 50.502472 11.882233 4.437229 0.000000 7.814851 59.397292 40418.244426 0.000000 1764.048444 7677.041220 3360.067915 9336.323169 634.511197
7.592000e+03 21.180827 161.345127 6999.523981 0.000000 1845.583048 23165.562128 1090.494511 19974.728989 2225.729891 15.363104 369.763909 49.500168 2073.270407 188.579649 1649011.604174 253.540556 137.697071 5.551879 146.628474 269.041877 50.502472 11.882233 4.437229 0.000000 7.814851 59.397292 40418.244426 0.000000 1764.048444 7677.041220 3360.067915 9336.323169 634.511197
7.665000e+03 21.180827 161.345127 6903.623251 0.000000 1838.813762 23026.267011 1090.494511 19974.728989 2225.729891 15.363104 369.763909 49.500168 2073.270407 188.579649 1649011.604174 253.540556 137.697071 5.551879 146.628474 269.041877 50.502472 11.882233 4.415005 0.000000 7.814851 59.397292 40418.244426 0.000000 1764.048444 7677.041220 4079.167766 9336.323169 634.511197
7.738000e+03 21.180827 161.345127 6903.623251 0.000000 1838.813762 23026.267011 1090.494511 19905.734173 2225.729891 15.363104 369.763909 49.500168 2073.270407 188.579649 1649011.604174 253.540556 137.697071 5.551879 146.628474 269.041877 50.502472 11.882233 4.415005 0.000000 7.814851 55.241579 40372.825645 0.000000 1937.190478 5984.039265 4079.167766 14054.608831 633.886168
7.811000e+03 21.297633 155.331144 6903.623251 0.000000 1838.813762 23026.267011 1090.494511 19905.734173 2239.707937 15.437356 369.763909 49.500168 2110.993496 188.409803 1647960.328671 260.738723 126.090489 5.551879 146.693684 266.371596 50.396879 11.843101 4.415005 0.000000 13.743830 55.241579 40372.825645 0.000000 1937.190478 5984.039265 4079.167766 14054.608831 633.886168
7.884000e+03 21.297633 155.331144 6903.623251 0.000000 1838.813762 23026.267011 1111.125842 19905.734173 2239.707937 15.437356 378.464621 49.464945 2110.993496 188.409803 1647960.328671 260.738723 126.090489 5.549045 146.693684 266.371596 50.396879 11.843101 4.415005 0.000000 13.743830 55.241579 40372.825645 0.000000 1937.190478 5984.039265 4079.167766 14054.608831 633.886168
7.957000e+03 21.297633 155.331144 6903.623251 0.000000 1838.813762 23026.267011 1111.125842 19905.734173 2239.707937 15.437356 378.464621 49.464945 2110.993496 188.409803 1647960.328671 260.738723 126.090489 5.549045 146.693684 266.371596 50.396879 11.843101 4.415005 0.000000 13.743830 55.241579 40372.825645 0.000000 1937.190478 5984.039265 4079.167766 14054.608831 633.886168
8.030000e+03 21.297633 155.331144 6808.222494 0.000000 1832.366570 22888.619174 1111.125842 19905.734173 2239.707937 15.437356 378.464621 49.464945 2110.993496 188.409803 1647960.328671 260.738723 126.090489 5.549045 146.693684 266.371596 50.396879 11.843101 4.481207 0.000000 13.743830 55.241579 40372.825645 0.000000 1937.190478 5984.039265 6454.308038 14054.608831 633.886168
8.103000e+03 21.297633 155.331144 6808.222494 0.000000 1832.366570 22888.619174 1111.125842 19837.741865 2239.707937 15.437356 378.464621 49.464945 2110.993496 188.409803 1647960.328671 260.738723 126.090489 5.549045 146.693684 266.371596 50.396879 11.843101 4.481207 0.000000 13.743830 48.456514 41664.503920 0.000000 1846.323841 5038.729775 6454.308038 12919.925388 605.307343
8.176000e+03 21.385502 149.288964 6808.222494 0.000000 1832.366570 22888.619174 1111.125842 19837.741865 2254.204544 15.511285 378.464621 49.464945 2151.220382 188.625957 1646111.360720 267.381091 116.152420 5.549045 146.806184 267.935987 51.649713 11.830814 4.481207 0.000000 23.826346 48.456514 41664.503920 0.000000 1846.323841 5038.729775 6454.308038 12919.925388 605.307343
8.249000e+03 21.385502 149.288964 6808.222494 0.000000 1832.366570 22888.619174 1131.680808 19837.741865 2254.204544 15.511285 385.267535 49.373002 2151.220382 188.625957 1646111.360720 267.381091 116.152420 5.547762 146.806184 267.935987 51.649713 11.830814 4.481207 0.000000 23.826346 48.456514 41664.503920 0.000000 1846.323841 5038.729775 6454.308038 12919.925388 605.307343
8.322000e+03 21.385502 149.288964 6808.222494 0.000000 1832.366570 22888.619174 1131.680808 19837.741865 2254.204544 15.511285 385.267535 49.373002 2151.220382 188.625957 1646111.360720 267.381091 116.152420 5.547762 146.806184 267.935987 51.649713 11.830814 4.481207 0.000000 23.826346 48.456514 41664.503920 0.000000 1846.323841 5038.729775 6454.308038 12919.925388 605.307343
8.395000e+03 21.385502 149.288964 6715.838188 0.000000 1826.216741 22752.544489 1131.680808 19837.741865 2254.204544 15.511285 385.267535 49.373002 2151.220382 188.625957 1646111.360720 267.381091 116.152420 5.547762 146.806184 267.935987 51.649713 11.830814 4.558019 0.000000 23.826346 48.456514 41664.503920 0.000000 1846.323841 5038.729775 5865.043659 12919.925388 605.307343
8.468000e+03 21.385502 149.288964 6715.838188 0.000000 1826.216741 22752.544489 1131.680808 19770.585130 2254.204544 15.511285 385.267535 49.373002 2151.220382 188.625957 1646111.360720 267.381091 116.152420 5.547762 146.806184 267.935987 51.649713 11.830814 4.558019 0.000000 23.826346 45.250709 39993.042550 0.000000 1624.929944 4520.118497 5865.043659 11438.126658 616.340445
8.541000e+03 21.456002 143.263309 6715.838188 0.000000 1826.216741 22752.544489 1131.680808 19770.585130 2269.107481 15.584957 385.267535 49.373002 2189.675182 189.162835 1646977.068081 273.207861 108.693825 5.547762 146.912348 269.836912 52.252036 11.838301 4.558019 0.000000 9.622739 45.250709 39993.042550 0.000000 1624.929944 4520.118497 5865.043659 11438.126658 616.340445
8.614000e+03 21.456002 143.263309 6715.838188 0.000000 1826.216741 22752.544489 1152.196568 19770.585130 2269.107481 15.584957 392.184447 49.302757 2189.675182 189.162835 1646977.068081 273.207861 108.693825 5.546133 146.912348 269.836912 52.252036 11.838301 4.558019 0.000000 9.622739 45.250709 39993.042550 0.000000 1624.929944 4520.118497 5865.043659 11438.126658 616.340445
8.687000e+03 21.456002 143.263309 6715.838188 0.000000 1826.216741 22752.544489 1152.196568 19770.585130 2269.107481 15.584957 392.184447 49.302757 2189.675182 189.162835 1646977.068081 273.207861 108.693825 5.546133 146.912348 269.836912 52.252036 11.838301 4.558019 0.000000 9.622739 45.250709 39993.042550 0.000000 1624.929944 4520.118497 5865.043659 11438.126658 616.340445
8.760000e+03 21.456002 143.263309 6626.020165 0.000000 1820.354525 22618.002049 1152.196568 19770.585130 2269.107481 15.584957 392.184447 49.302757 2189.675182 189.162835 1646977.068081 273.207861 108.693825 5.546133 146.912348 269.836912 52.252036 11.838301 4.611212 0.000000 9.622739 45.250709 39993.042550 0.000000 1624.929944 4520.118497 6615.851097 11438.126658 616.340445
8.833000e+03 21.456002 143.263309 6626.020165 0.000000 1820.354525 22618.002049 1152.196568 19681.281721 2269.107481 15.584957 392.184447 49.302757 2189.675182 189.162835 1646977.068081 273.207861 108.693825 5.546133 146.912348 269.836912 52.252036 11.838301 4.611212 0.000000 9.622739 43.660021 42979.818938 0.000000 3290.353425 4336.031497 6615.851097 10230.038720 642.621101
8.906000e+03 21.516694 137.346810 6626.020165 0.000000 1820.354525 22618.002049 1152.196568 19681.281721 2281.016582 15.658634 392.184447 49.302757 2218.821702 189.954976 1645164.877822 276.848350 102.920653 5.546133 147.108191 271.334480 52.787687 11.832881 4.611212 0.000000 5.796707 43.660021 42979.818938 0.000000 3290.353425 4336.031497 6615.851097 10230.038720 642.621101
8.979000e+03 21.516694 137.346810 6626.020165 0.000000 1820.354525 22618.002049 1175.523191 19681.281721 2281.016582 15.658634 399.058224 49.238302 2218.821702 189.954976 1645164.877822 276.848350 102.920653 5.541865 147.108191 271.334480 52.787687 11.832881 4.611212 0.000000 5.796707 43.660021 42979.818938 0.000000 3290.353425 4336.031497 6615.851097 10230.038720 642.621101
9.052000e+03 21.516694 137.346810 6626.020165 0.000000 1820.354525 22618.002049 1175.523191 19681.281721 2281.016582 15.658634 399.058224 49.238302 2218.821702 189.954976 1645164.877822 276.848350 102.920653 5.541865 147.108191 271.334480 52.787687 11.832881 4.611212 0.000000 5.796707 43.660021 42979.818938 0.000000 3290.353425 4336.031497 6615.851097 10230.038720 642.621101
9.125000e+03 21.516694 137.346810 6538.794113 0.000000 1814.769012 22436.879228 1175.523191 19681.281721 2281.016582 15.658634 399.058224 49.238302 2218.821702 189.954976 1645164.877822 276.848350 102.920653 5.541865 147.108191 271.334480 52.787687 11.832881 4.666186 0.000000 5.796707 43.660021 42979.818938 0.000000 3290.353425 4336.031497 3784.538246 10230.038720 642.621101
9.198000e+03 21.516694 137.346810 6538.794113 0.000000 1814.769012 22436.879228 1175.523191 19621.518163 2281.016582 15.658634 399.058224 49.238302 2218.821702 189.954976 1645164.877822 276.848350 102.920653 5.541865 147.108191 271.334480 52.787687 11.832881 4.666186 0.000000 5.796707 42.550908 41640.631469 0.000000 2385.993264 4162.925168 3784.538246 13420.178543 619.603887
9.271000e+03 21.569709 131.927931 6538.794113 0.000000 1814.769012 22436.879228 1175.523191 19621.518163 2303.486813 15.735373 399.058224 49.238302 2243.075849 190.584099 1644609.998427 276.773967 97.583972 5.541865 147.383860 274.262390 53.861576 11.843327 4.666186 0.000000 11.358133 42.550908 41640.631469 0.000000 2385.993264 4162.925168 3784.538246 13420.178543 619.603887
9.344000e+03 21.569709 131.927931 6538.794113 0.000000 1814.769012 22436.879228 1199.139937 19621.518163 2303.486813 15.735373 405.820800 49.187331 2243.075849 190.584099 1644609.998427 276.773967 97.583972 5.537982 147.383860 274.262390 53.861576 11.843327 4.666186 0.000000 11.358133 42.550908 41640.631469 0.000000 2385.993264 4162.925168 3784.538246 13420.178543 619.603887
9.417000e+03 21.569709 131.927931 6538.794113 0.000000 1814.769012 22436.879228 1199.139937 19621.518163 2303.486813 15.735373 405.820800 49.187331 2243.075849 190.584099 1644609.998427 276.773967 97.583972 5.537982 147.383860 274.262390 53.861576 11.843327 4.666186 0.000000 11.358133 42.550908 41640.631469 0.000000 2385.993264 4162.925168 3784.538246 13420.178543 619.603887
9.490000e+03 21.569709 131.927931 6474.128901 0.000000 1804.124877 22243.875217 1199.139937 19621.518163 2303.486813 15.735373 405.820800 49.187331 2243.075849 190.584099 1644609.998427 276.773967 97.583972 5.537982 147.383860 274.262390 53.861576 11.843327 4.648995 0.000000 11.358133 42.550908 41640.631469 0.000000 2385.993264 4162.925168 3691.159919 13420.178543 619.603887
9.563000e+03 21.569709 131.927931 6474.128901 0.000000 1804.124877 22243.875217 1199.139937 19584.943339 2303.486813 15.735373 405.820800 49.187331 2243.075849 190.584099 1644609.998427 276.773967 97.583972 5.537982 147.383860 274.262390 53.861576 11.843327 4.648995 0.000000 11.358133 41.029133 40695.365473 0.000000 1576.914221 3590.926562 3691.159919 8986.839003 629.719007
9.636000e+03 21.649116 127.015985 6474.128901 0.000000 1804.124877 22243.875217 1199.139937 19584.943339 2324.351249 15.817901 405.820800 49.187331 2262.598226 190.807396 1643941.724046 276.429749 95.251370 5.537982 147.325576 276.512889 54.857541 11.857642 4.648995 0.000000 5.440499 41.029133 40695.365473 0.000000 1576.914221 3590.926562 3691.159919 8986.839003 629.719007
9.709000e+03 21.649116 127.015985 6474.128901 0.000000 1804.124877 22243.875217 1220.622016 19584.943339 2324.351249 15.817901 412.378359 49.153915 2262.598226 190.807396 1643941.724046 276.429749 95.251370 5.542188 147.325576 276.512889 54.857541 11.857642 4.648995 0.000000 5.440499 41.029133 40695.365473 0.000000 1576.914221 3590.926562 3691.159919 8986.839003 629.719007
9.782000e+03 21.649116 127.015985 6474.128901 0.000000 1804.124877 22243.875217 1220.622016 19584.943339 2324.351249 15.817901 412.378359 49.153915 2262.598226 190.807396 1643941.724046 276.429749 95.251370 5.542188 147.325576 276.512889 54.857541 11.857642 4.648995 0.000000 5.440499 41.029133 40695.365473 0.000000 1576.914221 3590.926562 3691.159919 8986.839003 629.719007
9.855000e+03 21.649116 127.015985 6404.504418 0.000000 1792.713495 22044.505962 1220.622016 19584.943339 2324.351249 15.817901 412.378359 49.153915 2262.598226 190.807396 1643941.724046 276.429749 95.251370 5.542188 147.325576 276.512889 54.857541 11.857642 4.622887 0.000000 5.440499 41.029133 40695.365473 0.000000 1576.914221 3590.926562 3481.306351 8986.839003 629.719007
9.928000e+03 21.649116 127.015985 6404.504418 0.000000 1792.713495 22044.505962 1220.622016 19523.406257 2324.351249 15.817901 412.378359 49.153915 2262.598226 190.807396 1643941.724046 276.429749 95.251370 5.542188 147.325576 276.512889 54.857541 11.857642 4.622887 0.000000 5.440499 40.095998 40495.469607 0.000000 1938.947949 3122.824307 3481.306351 9727.324079 668.641292
1.000100e+04 21.743433 122.378581 6404.504418 0.000000 1792.713495 22044.505962 1220.622016 19523.406257 2335.959634 15.902173 412.378359 49.153915 2274.621177 190.588330 1644718.572409 277.834413 94.046294 5.542188 147.626661 277.826334 56.084262 11.878388 4.622887 0.000000 222.269685 40.095998 40495.469607 0.000000 1938.947949 3122.824307 3481.306351 9727.324079 668.641292
1.007400e+04 21.743433 122.378581 6404.504418 0.000000 1792.713495 22044.505962 1236.440544 19523.406257 2335.959634 15.902173 418.462945 49.135285 2274.621177 190.588330 1644718.572409 277.834413 94.046294 5.541188 147.626661 277.826334 56.084262 11.878388 4.622887 0.000000 222.269685 40.095998 40495.469607 0.000000 1938.947949 3122.824307 3481.306351 9727.324079 668.641292
1.014700e+04 21.743433 122.378581 6404.504418 0.000000 1792.713495 22044.505962 1236.440544 19523.406257 2335.959634 15.902173 418.462945 49.135285 2274.621177 190.588330 1644718.572409 277.834413 94.046294 5.541188 147.626661 277.826334 56.084262 11.878388 4.622887 0.000000 222.269685 40.095998 40495.469607 0.000000 1938.947949 3122.824307 3481.306351 9727.324079 668.641292
1.022000e+04 21.743433 122.378581 6336.377240 0.000000 1780.690262 21841.770957 1236.440544 19523.406257 2335.959634 15.902173 418.462945 49.135285 2274.621177 190.588330 1644718.572409 277.834413 94.046294 5.541188 147.626661 277.826334 56.084262 11.878388 4.560822 0.000000 222.269685 40.095998 40495.469607 0.000000 1938.947949 3122.824307 4195.492181 9727.324079 668.641292
1.029300e+04 21.743433 122.378581 6336.377240 0.000000 1780.690262 21841.770957 1236.440544 19429.619976 2335.959634 15.902173 418.462945 49.135285 2274.621177 190.588330 1644718.572409 277.834413 94.046294 5.541188 147.626661 277.826334 56.084262 11.878388 4.560822 0.000000 222.269685 39.647172 41271.343020 0.000000 1156.845792 3215.175404 4195.492181 8104.153845 661.567564
1.036600e+04 21.845094 117.811062 6336.377240 0.000000 1780.690262 21841.770957 1236.440544 19429.619976 2343.601826 16.000283 418.462945 49.135285 2282.327995 190.634543 1643983.171913 280.098385 93.965168 5.541188 148.088276 278.088430 57.308582 11.897698 4.560822 0.000000 4.249171 39.647172 41271.343020 0.000000 1156.845792 3215.175404 4195.492181 8104.153845 661.567564
1.043900e+04 21.845094 117.811062 6336.377240 0.000000 1780.690262 21841.770957 1246.892529 19429.619976 2343.601826 16.000283 424.107873 49.131085 2282.327995 190.634543 1643983.171913 280.098385 93.965168 5.538789 148.088276 278.088430 57.308582 11.897698 4.560822 0.000000 4.249171 39.647172 41271.343020 0.000000 1156.845792 3215.175404 4195.492181 8104.153845 661.567564
1.051200e+04 21.845094 117.811062 6336.377240 0.000000 1780.690262 21841.770957 1246.892529 19429.619976 2343.601826 16.000283 424.107873 49.131085 2282.327995 190.634543 1643983.171913 280.098385 93.965168 5.538789 148.088276 278.088430 57.308582 11.897698 4.560822 0.000000 4.249171 39.647172 41271.343020 0.000000 1156.845792 3215.175404 4195.492181 8104.153845 661.567564
1.058500e+04 21.845094 117.811062 6268.529658 0.000000 1769.583395 21645.164025 1246.892529 19429.619976 2343.601826 16.000283 424.107873 49.131085 2282.327995 190.634543 1643983.171913 280.098385 93.965168 5.538789 148.088276 278.088430 57.308582 11.897698 4.526098 0.000000 4.249171 39.647172 41271.343020 0.000000 1156.845792 3215.175404 4125.564936 8104.153845 661.567564
1.065800e+04 21.845094 117.811062 6268.529658 0.000000 1769.583395 21645.164025 1246.892529 19414.758087 2343.601826 16.000283 424.107873 49.131085 2282.327995 190.634543 1643983.171913 280.098385 93.965168 5.538789 148.088276 278.088430 57.308582 11.897698 4.526098 0.000000 4.249171 37.625762 39741.524416 0.000000 2140.537623 3471.491676 4125.564936 14844.830431 642.857843
1.073100e+04 21.943413 113.596862 6268.529658 0.000000 1769.583395 21645.164025 1246.892529 19414.758087 2350.084261 16.081380 424.107873 49.131085 2289.446868 190.825336 1644173.097004 282.472218 94.316293 5.538789 148.394383 278.215409 58.483166 11.902462 4.526098 0.000000 7.767847 37.625762 39741.524416 0.000000 2140.537623 3471.491676 4125.564936 14844.830431 642.857843
1.080400e+04 21.943413 113.596862 6268.529658 0.000000 1769.583395 21645.164025 1254.675627 19414.758087 2350.084261 16.081380 429.275157 49.141629 2289.446868 190.825336 1644173.097004 282.472218 94.316293 5.537853 148.394383 278.215409 58.483166 11.902462 4.526098 0.000000 7.767847 37.625762 39741.524416 0.000000 2140.537623 3471.491676 4125.564936 14844.830431 642.857843
1.087700e+04 21.943413 113.596862 6268.529658 0.000000 1769.583395 21645.164025 1254.675627 19414.758087 2350.084261 16.081380 429.275157 49.141629 2289.446868 190.825336 1644173.097004 282.472218 94.316293 5.537853 148.394383 278.215409 58.483166 11.902462 4.526098 0.000000 7.767847 37.625762 39741.524416 0.000000 2140.537623 3471.491676 4125.564936 14844.830431 642.857843
1.095000e+04 21.943413 113.596862 6207.170245 0.000000 1760.902231 21466.515028 1254.675627 19414.758087 2350.084261 16.081380 429.275157 49.141629 2289.446868 190.825336 1644173.097004 282.472218 94.316293 5.537853 148.394383 278.215409 58.483166 11.902462 4.479764 0.000000 7.767847 37.625762 39741.524416 0.000000 2140.537623 3471.491676 5116.222736 14844.830431 642.857843
1.102300e+04 21.943413 113.596862 6207.170245 0.000000 1760.902231 21466.515028 1254.675627 19454.914834 2350.084261 16.081380 429.275157 49.141629 2289.446868 190.825336 1644173.097004 282.472218 94.316293 5.537853 148.394383 278.215409 58.483166 11.902462 4.479764 0.000000 7.767847 35.804719 40304.299456 0.000000 4258.729518 3529.996250 5116.222736 7704.915345 675.807381
1.109600e+04 22.052712 109.529410 6207.170245 0.000000 1760.902231 21466.515028 1254.675627 19454.914834 2355.106667 16.195461 429.275157 49.141629 2295.742036 190.465273 1645236.760505 283.859042 95.074473 5.537853 148.216859 278.660107 60.069879 11.907485 4.479764 0.000000 3.538477 35.804719 40304.299456 0.000000 4258.729518 3529.996250 5116.222736 7704.915345 675.807381
1.116900e+04 22.052712 109.529410 6207.170245 0.000000 1760.902231 21466.515028 1263.274754 19454.914834 2355.106667 16.195461 434.227568 49.164047 2295.742036 190.465273 1645236.760505 283.859042 95.074473 5.534741 148.216859 278.660107 60.069879 11.907485 4.479764 0.000000 3.538477 35.804719 40304.299456 0.000000 4258.729518 3529.996250 5116.222736 7704.915345 675.807381
1.124200e+04 22.052712 109.529410 6207.170245 0.000000 1760.902231 21466.515028 1263.274754 19454.914834 2355.106667 16.195461 434.227568 49.164047 2295.742036 190.465273 1645236.760505 283.859042 95.074473 5.534741 148.216859 278.660107 60.069879 11.907485 4.479764 0.000000 3.538477 35.804719 40304.299456 0.000000 4258.729518 3529.996250 5116.222736 7704.915345 675.807381
1.131500e+04 22.052712 109.529410 6155.144549 0.000000 1750.827922 21231.288570 1263.274754 19454.914834 2355.106667 16.195461 434.227568 49.164047 2295.742036 190.465273 1645236.760505 283.859042 95.074473 5.534741 148.216859 278.660107 60.069879 11.907485 4.442735 0.000000 3.538477 35.804719 40304.299456 0.000000 4258.729518 3529.996250 4143.038463 7704.915345 675.807381
1.138800e+04 22.052712 109.529410 6155.144549 0.000000 1750.827922 21231.288570 1263.274754 19533.194137 2355.106667 16.195461 434.227568 49.164047 2295.742036 190.465273 1645236.760505 283.859042 95.074473 5.534741 148.216859 278.660107 60.069879 11.907485 4.442735 0.000000 3.538477 36.701063 39767.675962 0.000000 3251.972309 3456.159430 4143.038463 6940.926365 739.045298
1.146100e+04 22.167336 105.623853 6155.144549 0.000000 1750.827922 21231.288570 1263.274754 19533.194137 2360.344799 16.300963 434.227568 49.164047 2299.606652 190.140260 1645204.820955 285.512553 95.478316 5.534741 148.452824 279.379725 61.233827 11.911162 4.442735 0.000000 217.156280 36.701063 39767.675962 0.000000 3251.972309 3456.159430 4143.038463 6940.926365 739.045298
1.153400e+04 22.167336 105.623853 6155.144549 0.000000 1750.827922 21231.288570 1270.631846 19533.194137 2360.344799 16.300963 438.771621 49.200200 2299.606652 190.140260 1645204.820955 285.512553 95.478316 5.529015 148.452824 279.379725 61.233827 11.911162 4.442735 0.000000 217.156280 36.701063 39767.675962 0.000000 3251.972309 3456.159430 4143.038463 6940.926365 739.045298
1.160700e+04 22.167336 105.623853 6155.144549 0.000000 1750.827922 21231.288570 1270.631846 19533.194137 2360.344799 16.300963 438.771621 49.200200 2299.606652 190.140260 1645204.820955 285.512553 95.478316 5.529015 148.452824 279.379725 61.233827 11.911162 4.442735 0.000000 217.156280 36.701063 39767.675962 0.000000 3251.972309 3456.159430 4143.038463 6940.926365 739.045298
1.168000e+04 22.167336 105.623853 6106.364187 0.000000 1741.346568 21003.125403 1270.631846 19533.194137 2360.344799 16.300963 438.771621 49.200200 2299.606652 190.140260 1645204.820955 285.512553 95.478316 5.529015 148.452824 279.379725 61.233827 11.911162 4.404433 0.000000 217.156280 36.701063 39767.675962 0.000000 3251.972309 3456.159430 5847.662295 6940.926365 739.045298
1.175300e+04 22.167336 105.623853 6106.364187 0.000000 1741.346568 21003.125403 1270.631846 19640.201366 2360.344799 16.300963 438.771621 49.200200 2299.606652 190.140260 1645204.820955 285.512553 95.478316 5.529015 148.452824 279.379725 61.233827 11.911162 4.404433 0.000000 217.156280 37.437652 40870.532541 0.000000 2019.164427 3073.473707 5847.662295 14743.588384 723.335375
1.182600e+04 22.279101 101.787343 6106.364187 0.000000 1741.346568 21003.125403 1270.631846 19640.201366 2365.153283 16.378604 438.771621 49.200200 2302.762404 190.397460 1643958.504010 286.511660 96.342014 5.529015 148.627614 279.374958 62.435796 11.910219 4.404433 0.000000 7.043683 37.437652 40870.532541 0.000000 2019.164427 3073.473707 5847.662295 14743.588384 723.335375
1.189900e+04 22.279101 101.787343 6106.364187 0.000000 1741.346568 21003.125403 1277.155934 19640.201366 2365.153283 16.378604 443.030130 49.247923 2302.762404 190.397460 1643958.504010 286.511660 96.342014 5.532624 148.627614 279.374958 62.435796 11.910219 4.404433 0.000000 7.043683 37.437652 40870.532541 0.000000 2019.164427 3073.473707 5847.662295 14743.588384 723.335375
1.197200e+04 22.279101 101.787343 6106.364187 0.000000 1741.346568 21003.125403 1277.155934 19640.201366 2365.153283 16.378604 443.030130 49.247923 2302.762404 190.397460 1643958.504010 286.511660 96.342014 5.532624 148.627614 279.374958 62.435796 11.910219 4.404433 0.000000 7.043683 37.437652 40870.532541 0.000000 2019.164427 3073.473707 5847.662295 14743.588384 723.335375
1.204500e+04 22.279101 101.787343 6060.769822 0.000000 1731.703961 20772.918221 1277.155934 19640.201366 2365.153283 16.378604 443.030130 49.247923 2302.762404 190.397460 1643958.504010 286.511660 96.342014 5.532624 148.627614 279.374958 62.435796 11.910219 4.379068 0.000000 7.043683 37.437652 40870.532541 0.000000 2019.164427 3073.473707 5712.476272 14743.588384 723.335375
1.211800e+04 22.279101 101.787343 6060.769822 0.000000 1731.703961 20772.918221 1277.155934 19735.803349 2365.153283 16.378604 443.030130 49.247923 2302.762404 190.397460 1643958.504010 286.511660 96.342014 5.532624 148.627614 279.374958 62.435796 11.910219 4.379068 0.000000 7.043683 37.521860 40732.917487 0.000000 1755.734570 2931.280818 5712.476272 22111.182958 697.373378
1.219100e+04 22.378645 98.225650 6060.769822 0.000000 1731.703961 20772.918221 1277.155934 19735.803349 2369.617684 16.431403 443.030130 49.247923 2306.105110 190.132294 1644526.482295 287.186317 95.363799 5.532624 148.851613 279.302554 63.700323 11.914516 4.379068 0.000000 5.609390 37.521860 40732.917487 0.000000 1755.734570 2931.280818 5712.476272 22111.182958 697.373378
1.226400e+04 22.378645 98.225650 6060.769822 0.000000 1731.703961 20772.918221 1282.745362 19735.803349 2369.617684 16.431403 446.859008 49.302571 2306.105110 190.132294 1644526.482295 287.186317 95.363799 5.524496 148.851613 279.302554 63.700323 11.914516 4.379068 0.000000 5.609390 37.521860 40732.917487 0.000000 1755.734570 2931.280818 5712.476272 22111.182958 697.373378
1.233700e+04 22.378645 98.225650 6060.769822 0.000000 1731.703961 20772.918221 1282.745362 19735.803349 2369.617684 16.431403 446.859008 49.302571 2306.105110 190.132294 1644526.482295 287.186317 95.363799 5.524496 148.851613 279.302554 63.700323 11.914516 4.379068 0.000000 5.609390 37.521860 40732.917487 0.000000 1755.734570 2931.280818 5712.476272 22111.182958 697.373378
1.241000e+04 22.378645 98.225650 6015.710909 0.000000 1721.717643 20540.861367 1282.745362 19735.803349 2369.617684 16.431403 446.859008 49.302571 2306.105110 190.132294 1644526.482295 287.186317 95.363799 5.524496 148.851613 279.302554 63.700323 11.914516 4.332005 0.000000 5.609390 37.521860 40732.917487 0.000000 1755.734570 2931.280818 6222.014767 22111.182958 697.373378
1.248300e+04 22.378645 98.225650 6015.710909 0.000000 1721.717643 20540.861367 1282.745362 19798.878517 2369.617684 16.431403 446.859008 49.302571 2306.105110 190.132294 1644526.482295 287.186317 95.363799 5.524496 148.851613 279.302554 63.700323 11.914516 4.332005 0.000000 5.609390 36.976274 44460.915733 0.000000 3714.826302 3226.967867 6222.014767 12415.998165 723.964924
1.255600e+04 22.477938 94.989272 6015.710909 0.000000 1721.717643 20540.861367 1282.745362 19798.878517 2373.808652 16.476651 446.859008 49.302571 2308.941223 190.260574 1642594.099404 288.468775 96.167411 5.524496 149.067689 279.165751 64.546485 11.915916 4.332005 0.000000 6.447613 36.976274 44460.915733 0.000000 3714.826302 3226.967867 6222.014767 12415.998165 723.964924
1.262900e+04 22.477938 94.989272 6015.710909 0.000000 1721.717643 20540.861367 1287.571286 19798.878517 2373.808652 16.476651 450.122037 49.365433 2308.941223 190.260574 1642594.099404 288.468775 96.167411 5.523026 149.067689 279.165751 64.546485 11.915916 4.332005 0.000000 6.447613 36.976274 44460.915733 0.000000 3714.826302 3226.967867 6222.014767 12415.998165 723.964924
1.270200e+04 22.477938 94.989272 6015.710909 0.000000 1721.717643 20540.861367 1287.571286 19798.878517 2373.808652 16.476651 450.122037 49.365433 2308.941223 190.260574 1642594.099404 288.468775 96.167411 5.523026 149.067689 279.165751 64.546485 11.915916 4.332005 0.000000 6.447613 36.976274 44460.915733 0.000000 3714.826302 3226.967867 6222.014767 12415.998165 723.964924
1.277500e+04 22.477938 94.989272 5972.316224 0.000000 1712.934682 20315.744449 1287.571286 19798.878517 2373.808652 16.476651 450.122037 49.365433 2308.941223 190.260574 1642594.099404 288.468775 96.167411 5.523026 149.067689 279.165751 64.546485 11.915916 4.369104 0.000000 6.447613 36.976274 44460.915733 0.000000 3714.826302 3226.967867 3407.033674 12415.998165 723.964924
1.284800e+04 22.477938 94.989272 5972.316224 0.000000 1712.934682 20315.744449 1287.571286 19863.546337 2373.808652 16.476651 450.122037 49.365433 2308.941223 190.260574 1642594.099404 288.468775 96.167411 5.523026 149.067689 279.165751 64.546485 11.915916 4.369104 0.000000 6.447613 36.761274 40213.955248 0.000000 2817.178909 3791.696358 3407.033674 7557.583552 778.407999
1.292100e+04 22.575661 92.195072 5972.316224 0.000000 1712.934682 20315.744449 1287.571286 19863.546337 2377.883335 16.507827 450.122037 49.365433 2311.720995 190.444432 1643171.118878 288.077008 92.898792 5.523026 149.387423 279.475098 65.680701 11.933044 4.369104 0.000000 6.133623 36.761274 40213.955248 0.000000 2817.178909 3791.696358 3407.033674 7557.583552 778.407999
1.299400e+04 22.575661 92.195072 5972.316224 0.000000 1712.934682 20315.744449 1292.551536 19863.546337 2377.883335 16.507827 453.059579 49.430877 2311.720995 190.444432 1643171.118878 288.077008 92.898792 5.521331 149.387423 279.475098 65.680701 11.933044 4.369104 0.000000 6.133623 36.761274 40213.955248 0.000000 2817.178909 3791.696358 3407.033674 7557.583552 778.407999
1.306700e+04 22.575661 92.195072 5972.316224 0.000000 1712.934682 20315.744449 1292.551536 19863.546337 2377.883335 16.507827 453.059579 49.430877 2311.720995 190.444432 1643171.118878 288.077008 92.898792 5.521331 149.387423 279.475098 65.680701 11.933044 4.369104 0.000000 6.133623 36.761274 40213.955248 0.000000 2817.178909 3791.696358 3407.033674 7557.583552 778.407999
1.314000e+04 22.575661 92.195072 5969.306800 0.000000 1700.558816 20091.984266 1292.551536 19863.546337 2377.883335 16.507827 453.059579 49.430877 2311.720995 190.444432 1643171.118878 288.077008 92.898792 5.521331 149.387423 279.475098 65.680701 11.933044 4.369956 0.000000 6.133623 36.761274 40213.955248 0.000000 2817.178909 3791.696358 5190.274691 7557.583552 778.407999
1.321300e+04 22.575661 92.195072 5969.306800 0.000000 1700.558816 20091.984266 1292.551536 19916.176635 2377.883335 16.507827 453.059579 49.430877 2311.720995 190.444432 1643171.118878 288.077008 92.898792 5.521331 149.387423 279.475098 65.680701 11.933044 4.369956 0.000000 6.133623 36.985756 42200.717813 0.000000 2836.969886 4159.998431 5190.274691 24992.292526 750.817034
1.328600e+04 22.668134 89.854821 5969.306800 0.000000 1700.558816 20091.984266 1292.551536 19916.176635 2381.810875 16.519457 453.059579 49.430877 2314.120341 190.202323 1643932.674112 288.343988 93.119436 5.521331 149.493128 278.642326 66.205195 11.934261 4.369956 0.000000 23.551753 36.985756 42200.717813 0.000000 2836.969886 4159.998431 5190.274691 24992.292526 750.817034
1.335900e+04 22.668134 89.854821 5969.306800 0.000000 1700.558816 20091.984266 1296.707536 19916.176635 2381.810875 16.519457 455.424169 49.494779 2314.120341 190.202323 1643932.674112 288.343988 93.119436 5.525526 149.493128 278.642326 66.205195 11.934261 4.369956 0.000000 23.551753 36.985756 42200.717813 0.000000 2836.969886 4159.998431 5190.274691 24992.292526 750.817034
1.343200e+04 22.668134 89.854821 5969.306800 0.000000 1700.558816 20091.984266 1296.707536 19916.176635 2381.810875 16.519457 455.424169 49.494779 2314.120341 190.202323 1643932.674112 288.343988 93.119436 5.525526 149.493128 278.642326 66.205195 11.934261 4.369956 0.000000 23.551753 36.985756 42200.717813 0.000000 2836.969886 4159.998431 5190.274691 24992.292526 750.817034
1.350500e+04 22.668134 89.854821 5939.785396 0.000000 1689.571633 19876.720172 1296.707536 19916.176635 2381.810875 16.519457 455.424169 49.494779 2314.120341 190.202323 1643932.674112 288.343988 93.119436 5.525526 149.493128 278.642326 66.205195 11.934261 4.333910 0.000000 23.551753 36.985756 42200.717813 0.000000 2836.969886 4159.998431 3910.671562 24992.292526 750.817034
1.357800e+04 22.668134 89.854821 5939.785396 0.000000 1689.571633 19876.720172 1296.707536 19978.910905 2381.810875 16.519457 455.424169 49.494779 2314.120341 190.202323 1643932.674112 288.343988 93.119436 5.525526 149.493128 278.642326 66.205195 11.934261 4.333910 0.000000 23.551753 37.998699 44335.619797 0.000000 4363.271068 4061.086544 3910.671562 25958.726551 721.704026
1.365100e+04 22.761230 87.713665 5939.785396 0.000000 1689.571633 19876.720172 1296.707536 19978.910905 2385.696031 16.558115 455.424169 49.494779 2317.146466 189.859514 1640339.121076 290.683875 96.433021 5.525526 148.986143 278.539914 66.826381 11.916615 4.333910 0.000000 48.124297 37.998699 44335.619797 0.000000 4363.271068 4061.086544 3910.671562 25958.726551 721.704026
1.372400e+04 22.761230 87.713665 5939.785396 0.000000 1689.571633 19876.720172 1302.158583 19978.910905 2385.696031 16.558115 457.530533 49.558899 2317.146466 189.859514 1640339.121076 290.683875 96.433021 5.515410 148.986143 278.539914 66.826381 11.916615 4.333910 0.000000 48.124297 37.998699 44335.619797 0.000000 4363.271068 4061.086544 3910.671562 25958.726551 721.704026
1.379700e+04 22.761230 87.713665 5939.785396 0.000000 1689.571633 19876.720172 1302.158583 19978.910905 2385.696031 16.558115 457.530533 49.558899 2317.146466 189.859514 1640339.121076 290.683875 96.433021 5.515410 148.986143 278.539914 66.826381 11.916615 4.333910 0.000000 48.124297 37.998699 44335.619797 0.000000 4363.271068 4061.086544 3910.671562 25958.726551 721.704026
1.387000e+04 22.761230 87.713665 5912.092821 0.000000 1679.971682 19670.632968 1302.158583 19978.910905 2385.696031 16.558115 457.530533 49.558899 2317.146466 189.859514 1640339.121076 290.683875 96.433021 5.515410 148.986143 278.539914 66.826381 11.916615 4.394677 0.000000 48.124297 37.998699 44335.619797 0.000000 4363.271068 4061.086544 8411.508926 25958.726551 721.704026
1.394300e+04 22.761230 87.713665 5912.092821 0.000000 1679.971682 19670.632968 1302.158583 20044.359958 2385.696031 16.558115 457.530533 49.558899 2317.146466 189.859514 1640339.121076 290.683875 96.433021 5.515410 148.986143 278.539914 66.826381 11.916615 4.394677 0.000000 48.124297 39.056135 42155.404138 0.000000 2657.162556 4073.770171 8411.508926 11587.191003 716.791088
1.401600e+04 22.862485 85.665036 5912.092821 0.000000 1679.971682 19670.632968 1302.158583 20044.359958 2390.363900 16.608895 457.530533 49.558899 2320.980675 189.710277 1640231.582768 291.404494 96.990147 5.515410 148.928704 278.675226 67.599747 11.922440 4.394677 0.000000 10.652285 39.056135 42155.404138 0.000000 2657.162556 4073.770171 8411.508926 11587.191003 716.791088
1.408900e+04 22.862485 85.665036 5912.092821 0.000000 1679.971682 19670.632968 1307.909574 20044.359958 2390.363900 16.608895 459.521938 49.622385 2320.980675 189.710277 1640231.582768 291.404494 96.990147 5.506423 148.928704 278.675226 67.599747 11.922440 4.394677 0.000000 10.652285 39.056135 42155.404138 0.000000 2657.162556 4073.770171 8411.508926 11587.191003 716.791088
1.416200e+04 22.862485 85.665036 5912.092821 0.000000 1679.971682 19670.632968 1307.909574 20044.359958 2390.363900 16.608895 459.521938 49.622385 2320.980675 189.710277 1640231.582768 291.404494 96.990147 5.506423 148.928704 278.675226 67.599747 11.922440 4.394677 0.000000 10.652285 39.056135 42155.404138 0.000000 2657.162556 4073.770171 8411.508926 11587.191003 716.791088
1.423500e+04 22.862485 85.665036 5882.764953 0.000000 1671.157246 19470.819021 1307.909574 20044.359958 2390.363900 16.608895 459.521938 49.622385 2320.980675 189.710277 1640231.582768 291.404494 96.990147 5.506423 148.928704 278.675226 67.599747 11.922440 4.372874 0.000000 10.652285 39.056135 42155.404138 0.000000 2657.162556 4073.770171 6937.797772 11587.191003 716.791088
1.430800e+04 22.862485 85.665036 5882.764953 0.000000 1671.157246 19470.819021 1307.909574 20107.870761 2390.363900 16.608895 459.521938 49.622385 2320.980675 189.710277 1640231.582768 291.404494 96.990147 5.506423 148.928704 278.675226 67.599747 11.922440 4.372874 0.000000 10.652285 40.448978 43826.976505 0.000000 2913.458550 3664.140745 6937.797772 15015.508947 747.563658
1.438100e+04 22.964180 83.831782 5882.764953 0.000000 1671.157246 19470.819021 1307.909574 20107.870761 2394.736637 16.668840 459.521938 49.622385 2324.446330 189.496435 1638784.999440 292.457607 96.017392 5.506423 148.583683 279.450967 68.016642 11.942823 4.372874 0.000000 12.569391 40.448978 43826.976505 0.000000 2913.458550 3664.140745 6937.797772 15015.508947 747.563658
1.445400e+04 22.964180 83.831782 5882.764953 0.000000 1671.157246 19470.819021 1313.682312 20107.870761 2394.736637 16.668840 461.328438 49.680315 2324.446330 189.496435 1638784.999440 292.457607 96.017392 5.509607 148.583683 279.450967 68.016642 11.942823 4.372874 0.000000 12.569391 40.448978 43826.976505 0.000000 2913.458550 3664.140745 6937.797772 15015.508947 747.563658
1.452700e+04 22.964180 83.831782 5882.764953 0.000000 1671.157246 19470.819021 1313.682312 20107.870761 2394.736637 16.668840 461.328438 49.680315 2324.446330 189.496435 1638784.999440 292.457607 96.017392 5.509607 148.583683 279.450967 68.016642 11.942823 4.372874 0.000000 12.569391 40.448978 43826.976505 0.000000 2913.458550 3664.140745 6937.797772 15015.508947 747.563658
1.460000e+04 22.964180 83.831782 5853.534089 0.000000 1661.275948 19264.148238 1313.682312 20107.870761 2394.736637 16.668840 461.328438 49.680315 2324.446330 189.496435 1638784.999440 292.457607 96.017392 5.509607 148.583683 279.450967 68.016642 11.942823 4.379024 0.000000 12.569391 40.448978 43826.976505 0.000000 2913.458550 3664.140745 4979.588614 15015.508947 747.563658
1.467300e+04 22.964180 83.831782 5853.534089 0.000000 1661.275948 19264.148238 1313.682312 20147.027117 2394.736637 16.668840 461.328438 49.680315 2324.446330 189.496435 1638784.999440 292.457607 96.017392 5.509607 148.583683 279.450967 68.016642 11.942823 4.379024 0.000000 12.569391 41.866462 43519.329127 0.000000 3668.752909 3361.578824 4979.588614 18989.238733 839.639549
1.474600e+04 23.055851 82.286932 5853.534089 0.000000 1661.275948 19264.148238 1313.682312 20147.027117 2398.544961 16.709012 461.328438 49.680315 2327.491542 189.556290 1639481.635619 292.986959 97.268567 5.509607 148.461271 279.208655 68.258911 11.931793 4.379024 0.000000 13.337982 41.866462 43519.329127 0.000000 3668.752909 3361.578824 4979.588614 18989.238733 839.639549
1.481900e+04 23.055851 82.286932 5853.534089 0.000000 1661.275948 19264.148238 1318.591391 20147.027117 2398.544961 16.709012 463.014093 49.733575 2327.491542 189.556290 1639481.635619 292.986959 97.268567 5.525930 148.461271 279.208655 68.258911 11.931793 4.379024 0.000000 13.337982 41.866462 43519.329127 0.000000 3668.752909 3361.578824 4979.588614 18989.238733 839.639549
1.489200e+04 23.055851 82.286932 5853.534089 0.000000 1661.275948 19264.148238 1318.591391 20147.027117 2398.544961 16.709012 463.014093 49.733575 2327.491542 189.556290 1639481.635619 292.986959 97.268567 5.525930 148.461271 279.208655 68.258911 11.931793 4.379024 0.000000 13.337982 41.866462 43519.329127 0.000000 3668.752909 3361.578824 4979.588614 18989.238733 839.639549
1.496500e+04 23.055851 82.286932 5821.694332 0.000000 1652.887456 19049.735293 1318.591391 20147.027117 2398.544961 16.709012 463.014093 49.733575 2327.491542 189.556290 1639481.635619 292.986959 97.268567 5.525930 148.461271 279.208655 68.258911 11.931793 4.443030 0.000000 13.337982 41.866462 43519.329127 0.000000 3668.752909 3361.578824 5335.479035 18989.238733 839.639549
1.503800e+04 23.055851 82.286932 5821.694332 0.000000 1652.887456 19049.735293 1318.591391 20166.224883 2398.544961 16.709012 463.014093 49.733575 2327.491542 189.556290 1639481.635619 292.986959 97.268567 5.525930 148.461271 279.208655 68.258911 11.931793 4.443030 0.000000 13.337982 42.964702 39970.504624 0.000000 2438.797938 3164.492958 5335.479035 28725.199792 840.838491
1.511100e+04 23.134855 80.878559 5821.694332 0.000000 1652.887456 19049.735293 1318.591391 20166.224883 2402.403657 16.741006 463.014093 49.733575 2330.407439 189.390042 1639192.566821 291.045707 96.246455 5.525930 149.082451 279.474011 68.959940 11.925316 4.443030 0.000000 18.025014 42.964702 39970.504624 0.000000 2438.797938 3164.492958 5335.479035 28725.199792 840.838491
1.518400e+04 23.134855 80.878559 5821.694332 0.000000 1652.887456 19049.735293 1322.523899 20166.224883 2402.403657 16.741006 464.363331 49.778135 2330.407439 189.390042 1639192.566821 291.045707 96.246455 5.527798 149.082451 279.474011 68.959940 11.925316 4.443030 0.000000 18.025014 42.964702 39970.504624 0.000000 2438.797938 3164.492958 5335.479035 28725.199792 840.838491
1.525700e+04 23.134855 80.878559 5821.694332 0.000000 1652.887456 19049.735293 1322.523899 20166.224883 2402.403657 16.741006 464.363331 49.778135 2330.407439 189.390042 1639192.566821 291.045707 96.246455 5.527798 149.082451 279.474011 68.959940 11.925316 4.443030 0.000000 18.025014 42.964702 39970.504624 0.000000 2438.797938 3164.492958 5335.479035 28725.199792 840.838491
1.533000e+04 23.134855 80.878559 5785.745454 0.000000 1648.684538 18822.606202 1322.523899 20166.224883 2402.403657 16.741006 464.363331 49.778135 2330.407439 189.390042 1639192.566821 291.045707 96.246455 5.527798 149.082451 279.474011 68.959940 11.925316 4.455282 0.000000 18.025014 42.964702 39970.504624 0.000000 2438.797938 3164.492958 6035.607325 28725.199792 840.838491
1.540300e+04 23.134855 80.878559 5785.745454 0.000000 1648.684538 18822.606202 1322.523899 20172.641444 2402.403657 16.741006 464.363331 49.778135 2330.407439 189.390042 1639192.566821 291.045707 96.246455 5.527798 149.082451 279.474011 68.959940 11.925316 4.455282 0.000000 18.025014 45.000826 40636.207080 0.000000 3792.538886 2871.898621 6035.607325 18245.661066 830.413317
1.547600e+04 23.202361 79.492511 5785.745454 0.000000 1648.684538 18822.606202 1322.523899 20172.641444 2406.214255 16.755769 464.363331 49.778135 2333.231595 189.625429 1641995.848581 289.255347 95.068469 5.527798 149.329483 279.721385 69.362573 11.927882 4.455282 0.000000 595.982121 45.000826 40636.207080 0.000000 3792.538886 2871.898621 6035.607325 18245.661066 830.413317
1.554900e+04 23.202361 79.492511 5785.745454 0.000000 1648.684538 18822.606202 1325.756873 20172.641444 2406.214255 16.755769 465.477350 49.811068 2333.231595 189.625429 1641995.848581 289.255347 95.068469 5.539862 149.329483 279.721385 69.362573 11.927882 4.455282 0.000000 595.982121 45.000826 40636.207080 0.000000 3792.538886 2871.898621 6035.607325 18245.661066 830.413317
1.562200e+04 23.202361 79.492511 5785.745454 0.000000 1648.684538 18822.606202 1325.756873 20172.641444 2406.214255 16.755769 465.477350 49.811068 2333.231595 189.625429 1641995.848581 289.255347 95.068469 5.539862 149.329483 279.721385 69.362573 11.927882 4.455282 0.000000 595.982121 45.000826 40636.207080 0.000000 3792.538886 2871.898621 6035.607325 18245.661066 830.413317
1.569500e+04 23.202361 79.492511 5761.269243 0.000000 1651.227482 18569.513387 1325.756873 20172.641444 2406.214255 16.755769 465.477350 49.811068 2333.231595 189.625429 1641995.848581 289.255347 95.068469 5.539862 149.329483 279.721385 69.362573 11.927882 4.461981 0.000000 595.982121 45.000826 40636.207080 0.000000 3792.538886 2871.898621 5687.795803 18245.661066 830.413317
1.576800e+04 23.202361 79.492511 5761.269243 0.000000 1651.227482 18569.513387 1325.756873 20187.457548 2406.214255 16.755769 465.477350 49.811068 2333.231595 189.625429 1641995.848581 289.255347 95.068469 5.539862 149.329483 279.721385 69.362573 11.927882 4.461981 0.000000 595.982121 47.110302 41023.067320 0.000000 2758.144394 2790.861686 5687.795803 7722.422701 862.854803
1.584100e+04 23.271226 78.328061 5761.269243 0.000000 1651.227482 18569.513387 1325.756873 20187.457548 2410.258594 16.779164 465.477350 49.811068 2336.603924 189.329755 1639550.351541 289.334537 92.339768 5.539862 149.044147 279.527634 69.662418 11.919941 4.461981 0.000000 4.288979 47.110302 41023.067320 0.000000 2758.144394 2790.861686 5687.795803 7722.422701 862.854803
1.591400e+04 23.271226 78.328061 5761.269243 0.000000 1651.227482 18569.513387 1329.612163 20187.457548 2410.258594 16.779164 466.557901 49.841487 2336.603924 189.329755 1639550.351541 289.334537 92.339768 5.536509 149.044147 279.527634 69.662418 11.919941 4.461981 0.000000 4.288979 47.110302 41023.067320 0.000000 2758.144394 2790.861686 5687.795803 7722.422701 862.854803
1.598700e+04 23.271226 78.328061 5761.269243 0.000000 1651.227482 18569.513387 1329.612163 20187.457548 2410.258594 16.779164 466.557901 49.841487 2336.603924 189.329755 1639550.351541 289.334537 92.339768 5.536509 149.044147 279.527634 69.662418 11.919941 4.461981 0.000000 4.288979 47.110302 41023.067320 0.000000 2758.144394 2790.861686 5687.795803 7722.422701 862.854803
1.605900e+04 23.271226 78.328061 5732.568773 0.000000 1655.011460 18324.062161 1329.612163 20187.457548 2410.258594 16.779164 466.557901 49.841487 2336.603924 189.329755 1639550.351541 289.334537 92.339768 5.536509 149.044147 279.527634 69.662418 11.919941 4.440136 0.000000 4.288979 47.110302 41023.067320 0.000000 2758.144394 2790.861686 5121.004408 7722.422701 862.854803
