Time  POB KWH SWH HWH MWH FWH BES HAS HOS RIS SBA SBB SHO DEO PEL PES REO DEL FLA LRD SSK MES GRH MAC HAD SAI RED BWH SSH NCO PCO CAP SCR
0.000000e+00 0.000000 0.000000 0.000000 0.000000 0.000000 0.000000 0.000000 0.000000 0.000000 0.000000 0.000000 0.000000 0.000000 0.000000 0.000000 0.000000 0.000000 0.000000 0.000000 0.000000 0.000000 0.000000 0.000000 0.000000 0.000000 0.000000 0.000000 0.000000 0.000000 0.000000 0.000000 0.000000 0.000000
7.300000e+01 0.000000 0.000000 0.000000 84.589109 0.000000 0.000000 0.000000 59433.438406 0.000000 0.000000 0.000000 0.000000 0.000000 0.000000 0.000000 0.000000 0.000000 0.000000 0.000000 0.000000 0.000000 0.000000 0.000000 0.000000 0.000000 183629.806911 180061.728444 1073745.986121 289564.800027 243090.750433 0.000000 3467454.193873 853.425997
1.460000e+02 233.411906 14315.835491 0.000000 84.589109 0.000000 0.000000 0.000000 59433.438406 8644.045301 2108.133594 0.000000 0.000000 84499.147427 1221400.565417 4802.259891 86619.069133 288116.440826 0.000000 64005.268099 174001.214473 87784.160705 3965913.522366 0.000000 278448.004997 116531.107793 183629.806911 180061.728444 1073745.986121 289564.800027 243090.750433 0.000000 3467454.193873 853.425997
2.190000e+02 233.411906 14315.835491 0.000000 84.589109 0.000000 0.000000 3383.366644 59433.438406 8644.045301 2108.133594 5477.955691 4525.041555 84499.147427 1221400.565417 4802.259891 86619.069133 288116.440826 80823.088480 64005.268099 174001.214473 87784.160705 3965913.522366 0.000000 278448.004997 116531.107793 183629.806911 180061.728444 1073745.986121 289564.800027 243090.750433 0.000000 3467454.193873 853.425997
2.920000e+02 233.411906 14315.835491 0.000000 84.589109 0.000000 0.000000 3383.366644 59433.438406 8644.045301 2108.133594 5477.955691 4525.041555 84499.147427 1221400.565417 4802.259891 86619.069133 288116.440826 80823.088480 64005.268099 174001.214473 87784.160705 3965913.522366 0.000000 278448.004997 116531.107793 183629.806911 180061.728444 1073745.986121 289564.800027 243090.750433 0.000000 3467454.193873 853.425997
3.650000e+02 233.411906 14315.835491 55871.138081 84.589109 207287.621332 287746.061808 3383.366644 59433.438406 8644.045301 2108.133594 5477.955691 4525.041555 84499.147427 1221400.565417 4802.259891 86619.069133 288116.440826 80823.088480 64005.268099 174001.214473 87784.160705 3965913.522366 55808.362514 278448.004997 116531.107793 0.000000 180061.728444 1073745.986121 289564.800027 243090.750433 168075.241267 3467454.193873 853.425997
4.380000e+02 233.411906 14315.835491 55871.138081 0.000000 207287.621332 287746.061808 3383.366644 68881.824169 8644.045301 2108.133594 5477.955691 4525.041555 84499.147427 1221400.565417 4802.259891 0.000000 288116.440826 80823.088480 0.000000 0.000000 87784.160705 3965913.522366 55808.362514 0.000000 0.000000 444296.730953 197560.326785 1448806.263272 382916.098571 142624.236767 168075.241267 1526663.431131 479.712442
5.110000e+02 198.733168 18054.164319 55871.138081 0.000000 207287.621332 287746.061808 3383.366644 68881.824169 10328.049096 1915.087091 5477.955691 4525.041555 94502.183180 1768357.565130 14615.859720 82654.994470 277764.569586 80823.088480 61491.706453 274194.486243 80491.993902 4665727.617216 55808.362514 742951.134086 192909.508589 444296.730953 197560.326785 1448806.263272 382916.098571 142624.236767 168075.241267 1526663.431131 479.712442
5.840000e+02 198.733168 18054.164319 55871.138081 0.000000 207287.621332 287746.061808 2999.973712 68881.824169 10328.049096 1915.087091 4700.741758 3563.337830 94502.183180 1768357.565130 14615.859720 82654.994470 277764.569586 77315.929535 61491.706453 274194.486243 80491.993902 4665727.617216 55808.362514 742951.134086 192909.508589 444296.730953 197560.326785 1448806.263272 382916.098571 142624.236767 168075.241267 1526663.431131 479.712442
6.570000e+02 198.733168 18054.164319 55871.138081 0.000000 207287.621332 287746.061808 2999.973712 68881.824169 10328.049096 1915.087091 4700.741758 3563.337830 94502.183180 1768357.565130 14615.859720 82654.994470 277764.569586 77315.929535 61491.706453 274194.486243 80491.993902 4665727.617216 55808.362514 742951.134086 192909.508589 444296.730953 197560.326785 1448806.263272 382916.098571 142624.236767 168075.241267 1526663.431131 479.712442
7.300000e+02 198.733168 18054.164319 53091.144095 0.000000 212062.139243 282994.804948 2999.973712 68881.824169 10328.049096 1915.087091 4700.741758 3563.337830 94502.183180 1768357.565130 14615.859720 82654.994470 277764.569586 77315.929535 61491.706453 274194.486243 80491.993902 4665727.617216 73181.027438 742951.134086 192909.508589 0.000000 197560.326785 1448806.263272 382916.098571 142624.236767 199680.679135 1526663.431131 479.712442
8.030000e+02 198.733168 18054.164319 53091.144095 0.000000 212062.139243 282994.804948 2999.973712 66655.665838 10328.049096 1915.087091 4700.741758 3563.337830 94502.183180 1768357.565130 14615.859720 0.000000 277764.569586 77315.929535 0.000000 0.000000 80491.993902 4665727.617216 73181.027438 0.000000 0.000000 761259.336910 207093.149515 1849904.318815 475449.028238 122531.175692 199680.679135 1288647.967476 386.490935
8.760000e+02 179.418699 19786.706677 53091.144095 0.000000 212062.139243 282994.804948 2999.973712 66655.665838 12342.901869 1798.344572 4700.741758 3563.337830 101069.683635 2230762.541618 44587.055402 91304.900802 293853.948491 77315.929535 62272.863354 353365.520557 81155.649871 5516642.176872 73181.027438 877537.717929 279199.946719 761259.336910 207093.149515 1849904.318815 475449.028238 122531.175692 199680.679135 1288647.967476 386.490935
9.490000e+02 179.418699 19786.706677 53091.144095 0.000000 212062.139243 282994.804948 3058.786077 66655.665838 12342.901869 1798.344572 4771.535892 3542.875925 101069.683635 2230762.541618 44587.055402 91304.900802 293853.948491 75031.951580 62272.863354 353365.520557 81155.649871 5516642.176872 73181.027438 877537.717929 279199.946719 761259.336910 207093.149515 1849904.318815 475449.028238 122531.175692 199680.679135 1288647.967476 386.490935
1.022000e+03 179.418699 19786.706677 53091.144095 0.000000 212062.139243 282994.804948 3058.786077 66655.665838 12342.901869 1798.344572 4771.535892 3542.875925 101069.683635 2230762.541618 44587.055402 91304.900802 293853.948491 75031.951580 62272.863354 353365.520557 81155.649871 5516642.176872 73181.027438 877537.717929 279199.946719 761259.336910 207093.149515 1849904.318815 475449.028238 122531.175692 199680.679135 1288647.967476 386.490935
1.095000e+03 179.418699 19786.706677 51029.279656 0.000000 219151.499160 283361.942352 3058.786077 66655.665838 12342.901869 1798.344572 4771.535892 3542.875925 101069.683635 2230762.541618 44587.055402 91304.900802 293853.948491 75031.951580 62272.863354 353365.520557 81155.649871 5516642.176872 99678.567753 877537.717929 279199.946719 0.000000 207093.149515 1849904.318815 475449.028238 122531.175692 231242.125089 1288647.967476 386.490935
1.168000e+03 179.418699 19786.706677 51029.279656 0.000000 219151.499160 283361.942352 3058.786077 64756.865649 12342.901869 1798.344572 4771.535892 3542.875925 101069.683635 2230762.541618 44587.055402 0.000000 293853.948491 75031.951580 0.000000 0.000000 81155.649871 5516642.176872 99678.567753 0.000000 0.000000 1175750.129651 221559.932199 2420881.335842 600979.497357 125575.722679 231242.125089 1661296.578724 455.561994
1.241000e+03 167.502368 20650.033095 51029.279656 0.000000 219151.499160 283361.942352 3058.786077 64756.865649 14799.413977 1722.636611 4771.535892 3542.875925 107576.465417 2477365.295767 136226.759930 103359.852758 310003.477235 75031.951580 62970.573918 416973.363108 81497.876105 7123490.668024 99678.567753 993573.536996 366472.217392 1175750.129651 221559.932199 2420881.335842 600979.497357 125575.722679 231242.125089 1661296.578724 455.561994
1.314000e+03 167.502368 20650.033095 51029.279656 0.000000 219151.499160 283361.942352 3112.491101 64756.865649 14799.413977 1722.636611 4872.212850 3481.671511 107576.465417 2477365.295767 136226.759930 103359.852758 310003.477235 74523.711405 62970.573918 416973.363108 81497.876105 7123490.668024 99678.567753 993573.536996 366472.217392 1175750.129651 221559.932199 2420881.335842 600979.497357 125575.722679 231242.125089 1661296.578724 455.561994
1.387000e+03 167.502368 20650.033095 51029.279656 0.000000 219151.499160 283361.942352 3112.491101 64756.865649 14799.413977 1722.636611 4872.212850 3481.671511 107576.465417 2477365.295767 136226.759930 103359.852758 310003.477235 74523.711405 62970.573918 416973.363108 81497.876105 7123490.668024 99678.567753 993573.536996 366472.217392 1175750.129651 221559.932199 2420881.335842 600979.497357 125575.722679 231242.125089 1661296.578724 455.561994
1.460000e+03 167.502368 20650.033095 49490.335956 0.000000 226224.768298 285282.712568 3112.491101 64756.865649 14799.413977 1722.636611 4872.212850 3481.671511 107576.465417 2477365.295767 136226.759930 103359.852758 310003.477235 74523.711405 62970.573918 416973.363108 81497.876105 7123490.668024 126738.919682 993573.536996 366472.217392 0.000000 221559.932199 2420881.335842 600979.497357 125575.722679 291380.733597 1661296.578724 455.561994
1.533000e+03 167.502368 20650.033095 49490.335956 0.000000 226224.768298 285282.712568 3112.491101 63197.164776 14799.413977 1722.636611 4872.212850 3481.671511 107576.465417 2477365.295767 136226.759930 0.000000 310003.477235 74523.711405 0.000000 0.000000 81497.876105 7123490.668024 126738.919682 0.000000 0.000000 1630686.449984 232765.452859 2945508.817488 701622.064566 151743.116352 291380.733597 1342929.621095 1339.707635
1.606000e+03 156.134457 21550.511460 49490.335956 0.000000 226224.768298 285282.712568 3112.491101 63197.164776 16916.822466 1670.663049 4872.212850 3481.671511 114949.627962 2603082.307426 284598.655535 107923.219114 322805.156995 74523.711405 63565.690434 473536.317331 82342.238140 8623923.434137 126738.919682 1101044.826235 436470.744312 1630686.449984 232765.452859 2945508.817488 701622.064566 151743.116352 291380.733597 1342929.621095 1339.707635
1.679000e+03 156.134457 21550.511460 49490.335956 0.000000 226224.768298 285282.712568 3164.968943 63197.164776 16916.822466 1670.663049 5144.452727 3437.551657 114949.627962 2603082.307426 284598.655535 107923.219114 322805.156995 74316.172118 63565.690434 473536.317331 82342.238140 8623923.434137 126738.919682 1101044.826235 436470.744312 1630686.449984 232765.452859 2945508.817488 701622.064566 151743.116352 291380.733597 1342929.621095 1339.707635
1.752000e+03 156.134457 21550.511460 49490.335956 0.000000 226224.768298 285282.712568 3164.968943 63197.164776 16916.822466 1670.663049 5144.452727 3437.551657 114949.627962 2603082.307426 284598.655535 107923.219114 322805.156995 74316.172118 63565.690434 473536.317331 82342.238140 8623923.434137 126738.919682 1101044.826235 436470.744312 1630686.449984 232765.452859 2945508.817488 701622.064566 151743.116352 291380.733597 1342929.621095 1339.707635
1.825000e+03 156.134457 21550.511460 48471.698807 0.000000 231675.650742 286923.137763 3164.968943 63197.164776 16916.822466 1670.663049 5144.452727 3437.551657 114949.627962 2603082.307426 284598.655535 107923.219114 322805.156995 74316.172118 63565.690434 473536.317331 82342.238140 8623923.434137 167883.163913 1101044.826235 436470.744312 0.000000 232765.452859 2945508.817488 701622.064566 151743.116352 348452.002914 1342929.621095 1339.707635
1.898000e+03 156.134457 21550.511460 48471.698807 0.000000 231675.650742 286923.137763 3164.968943 62382.089841 16916.822466 1670.663049 5144.452727 3437.551657 114949.627962 2603082.307426 284598.655535 0.000000 322805.156995 74316.172118 0.000000 0.000000 82342.238140 8623923.434137 167883.163913 0.000000 0.000000 2177512.247556 238271.125622 3429955.563834 804838.983488 196597.926816 348452.002914 1064545.660804 2061.240572
1.971000e+03 146.734514 23621.493540 48471.698807 0.000000 231675.650742 286923.137763 3164.968943 62382.089841 19125.468415 1636.720765 5144.452727 3437.551657 122507.601828 2605892.290753 474580.768431 143341.404012 333559.614325 74316.172118 64037.062737 524731.320960 81845.301369 10515269.618024 167883.163913 1178174.427124 520406.993030 2177512.247556 238271.125622 3429955.563834 804838.983488 196597.926816 348452.002914 1064545.660804 2061.240572
2.044000e+03 146.734514 23621.493540 48471.698807 0.000000 231675.650742 286923.137763 3215.008680 62382.089841 19125.468415 1636.720765 5634.325834 3396.388795 122507.601828 2605892.290753 474580.768431 143341.404012 333559.614325 75586.140094 64037.062737 524731.320960 81845.301369 10515269.618024 167883.163913 1178174.427124 520406.993030 2177512.247556 238271.125622 3429955.563834 804838.983488 196597.926816 348452.002914 1064545.660804 2061.240572
2.117000e+03 146.734514 23621.493540 48471.698807 0.000000 231675.650742 286923.137763 3215.008680 62382.089841 19125.468415 1636.720765 5634.325834 3396.388795 122507.601828 2605892.290753 474580.768431 143341.404012 333559.614325 75586.140094 64037.062737 524731.320960 81845.301369 10515269.618024 167883.163913 1178174.427124 520406.993030 2177512.247556 238271.125622 3429955.563834 804838.983488 196597.926816 348452.002914 1064545.660804 2061.240572
2.190000e+03 146.734514 23621.493540 47280.828246 0.000000 235481.873816 288858.365023 3215.008680 62382.089841 19125.468415 1636.720765 5634.325834 3396.388795 122507.601828 2605892.290753 474580.768431 143341.404012 333559.614325 75586.140094 64037.062737 524731.320960 81845.301369 10515269.618024 203136.570374 1178174.427124 520406.993030 0.000000 238271.125622 3429955.563834 804838.983488 196597.926816 396784.089237 1064545.660804 2061.240572
2.263000e+03 146.734514 23621.493540 47280.828246 0.000000 235481.873816 288858.365023 3215.008680 61846.439582 19125.468415 1636.720765 5634.325834 3396.388795 122507.601828 2605892.290753 474580.768431 0.000000 333559.614325 75586.140094 0.000000 0.000000 81845.301369 10515269.618024 203136.570374 0.000000 0.000000 2764761.135749 242697.398155 3797653.201009 908663.869672 253060.762509 396784.089237 962717.181078 2353.262808
2.336000e+03 133.016292 25966.872135 47280.828246 0.000000 235481.873816 288858.365023 3215.008680 61846.439582 21213.414766 1614.799819 5634.325834 3396.388795 128506.314004 2652547.790917 679547.001449 170138.003215 345891.983593 75586.140094 64843.376600 570026.978394 82072.357958 12747421.007890 203136.570374 1251039.502885 558038.389641 2764761.135749 242697.398155 3797653.201009 908663.869672 253060.762509 396784.089237 962717.181078 2353.262808
2.409000e+03 133.016292 25966.872135 47280.828246 0.000000 235481.873816 288858.365023 3251.684036 61846.439582 21213.414766 1614.799819 6280.880983 3365.279650 128506.314004 2652547.790917 679547.001449 170138.003215 345891.983593 76848.435118 64843.376600 570026.978394 82072.357958 12747421.007890 203136.570374 1251039.502885 558038.389641 2764761.135749 242697.398155 3797653.201009 908663.869672 253060.762509 396784.089237 962717.181078 2353.262808
2.482000e+03 133.016292 25966.872135 47280.828246 0.000000 235481.873816 288858.365023 3251.684036 61846.439582 21213.414766 1614.799819 6280.880983 3365.279650 128506.314004 2652547.790917 679547.001449 170138.003215 345891.983593 76848.435118 64843.376600 570026.978394 82072.357958 12747421.007890 203136.570374 1251039.502885 558038.389641 2764761.135749 242697.398155 3797653.201009 908663.869672 253060.762509 396784.089237 962717.181078 2353.262808
2.555000e+03 133.016292 25966.872135 46221.992270 0.000000 239329.592235 290235.036665 3251.684036 61846.439582 21213.414766 1614.799819 6280.880983 3365.279650 128506.314004 2652547.790917 679547.001449 170138.003215 345891.983593 76848.435118 64843.376600 570026.978394 82072.357958 12747421.007890 245004.008248 1251039.502885 558038.389641 0.000000 242697.398155 3797653.201009 908663.869672 253060.762509 460693.289209 962717.181078 2353.262808
2.628000e+03 133.016292 25966.872135 46221.992270 0.000000 239329.592235 290235.036665 3251.684036 61548.342789 21213.414766 1614.799819 6280.880983 3365.279650 128506.314004 2652547.790917 679547.001449 0.000000 345891.983593 76848.435118 0.000000 0.000000 82072.357958 12747421.007890 245004.008248 0.000000 0.000000 3448434.175495 242957.453385 4005744.496134 959546.252852 309348.823230 460693.289209 1357852.756717 2333.035421
2.701000e+03 119.907732 26360.544667 46221.992270 0.000000 239329.592235 290235.036665 3251.684036 61548.342789 23988.113646 1600.691588 6280.880983 3365.279650 133983.424381 2517545.979844 912191.102913 232871.948325 355997.923622 76848.435118 65187.830497 616111.454546 80835.910756 15924931.769315 245004.008248 1305810.530522 641909.775444 3448434.175495 242957.453385 4005744.496134 959546.252852 309348.823230 460693.289209 1357852.756717 2333.035421
2.774000e+03 119.907732 26360.544667 46221.992270 0.000000 239329.592235 290235.036665 3288.394856 61548.342789 23988.113646 1600.691588 6948.664060 3333.904713 133983.424381 2517545.979844 912191.102913 232871.948325 355997.923622 78647.720591 65187.830497 616111.454546 80835.910756 15924931.769315 245004.008248 1305810.530522 641909.775444 3448434.175495 242957.453385 4005744.496134 959546.252852 309348.823230 460693.289209 1357852.756717 2333.035421
2.847000e+03 119.907732 26360.544667 46221.992270 0.000000 239329.592235 290235.036665 3288.394856 61548.342789 23988.113646 1600.691588 6948.664060 3333.904713 133983.424381 2517545.979844 912191.102913 232871.948325 355997.923622 78647.720591 65187.830497 616111.454546 80835.910756 15924931.769315 245004.008248 1305810.530522 641909.775444 3448434.175495 242957.453385 4005744.496134 959546.252852 309348.823230 460693.289209 1357852.756717 2333.035421
2.920000e+03 119.907732 26360.544667 45189.652265 0.000000 243121.809435 291741.348864 3288.394856 61548.342789 23988.113646 1600.691588 6948.664060 3333.904713 133983.424381 2517545.979844 912191.102913 232871.948325 355997.923622 78647.720591 65187.830497 616111.454546 80835.910756 15924931.769315 281139.058996 1305810.530522 641909.775444 0.000000 242957.453385 4005744.496134 959546.252852 309348.823230 513887.047909 1357852.756717 2333.035421
2.993000e+03 119.907732 26360.544667 45189.652265 0.000000 243121.809435 291741.348864 3288.394856 60918.949645 23988.113646 1600.691588 6948.664060 3333.904713 133983.424381 2517545.979844 912191.102913 0.000000 355997.923622 78647.720591 0.000000 0.000000 80835.910756 15924931.769315 281139.058996 0.000000 0.000000 4207200.287190 248571.692178 4438679.685408 1097259.600062 362484.714077 513887.047909 1513036.857869 2242.499550
3.066000e+03 109.623812 27166.653812 45189.652265 0.000000 243121.809435 291741.348864 3288.394856 60918.949645 26984.530183 1591.476569 6948.664060 3333.904713 138859.221380 2375068.337817 1177955.191192 296510.534204 365128.679125 78647.720591 65640.027034 672540.964073 80702.539350 18957643.727247 281139.058996 1407191.457990 693136.683908 4207200.287190 248571.692178 4438679.685408 1097259.600062 362484.714077 513887.047909 1513036.857869 2242.499550
3.139000e+03 109.623812 27166.653812 45189.652265 0.000000 243121.809435 291741.348864 3324.372719 60918.949645 26984.530183 1591.476569 7641.986048 3303.199046 138859.221380 2375068.337817 1177955.191192 296510.534204 365128.679125 79652.937000 65640.027034 672540.964073 80702.539350 18957643.727247 281139.058996 1407191.457990 693136.683908 4207200.287190 248571.692178 4438679.685408 1097259.600062 362484.714077 513887.047909 1513036.857869 2242.499550
3.212000e+03 109.623812 27166.653812 45189.652265 0.000000 243121.809435 291741.348864 3324.372719 60918.949645 26984.530183 1591.476569 7641.986048 3303.199046 138859.221380 2375068.337817 1177955.191192 296510.534204 365128.679125 79652.937000 65640.027034 672540.964073 80702.539350 18957643.727247 281139.058996 1407191.457990 693136.683908 4207200.287190 248571.692178 4438679.685408 1097259.600062 362484.714077 513887.047909 1513036.857869 2242.499550
3.285000e+03 109.623812 27166.653812 44273.952443 0.000000 245874.999912 292798.203232 3324.372719 60918.949645 26984.530183 1591.476569 7641.986048 3303.199046 138859.221380 2375068.337817 1177955.191192 296510.534204 365128.679125 79652.937000 65640.027034 672540.964073 80702.539350 18957643.727247 355730.282953 1407191.457990 693136.683908 0.000000 248571.692178 4438679.685408 1097259.600062 362484.714077 537666.713748 1513036.857869 2242.499550
3.358000e+03 109.623812 27166.653812 44273.952443 0.000000 245874.999912 292798.203232 3324.372719 60444.170888 26984.530183 1591.476569 7641.986048 3303.199046 138859.221380 2375068.337817 1177955.191192 0.000000 365128.679125 79652.937000 0.000000 0.000000 80702.539350 18957643.727247 355730.282953 0.000000 0.000000 5007576.545610 249542.744757 5223866.875375 1293350.681972 409719.164861 537666.713748 1421448.160816 2189.659627
3.431000e+03 99.849676 28724.931907 44273.952443 0.000000 245874.999912 292798.203232 3324.372719 60444.170888 29666.533863 1585.730453 7641.986048 3303.199046 140677.538509 2232698.974035 1447814.471930 341739.258722 371077.540336 79652.937000 65438.475252 738224.926006 83075.185424 23182227.367291 355730.282953 1394058.342720 839893.214542 5007576.545610 249542.744757 5223866.875375 1293350.681972 409719.164861 537666.713748 1421448.160816 2189.659627
3.504000e+03 99.849676 28724.931907 44273.952443 0.000000 245874.999912 292798.203232 3348.927250 60444.170888 29666.533863 1585.730453 8320.869753 3252.011066 140677.538509 2232698.974035 1447814.471930 341739.258722 371077.540336 81024.041294 65438.475252 738224.926006 83075.185424 23182227.367291 355730.282953 1394058.342720 839893.214542 5007576.545610 249542.744757 5223866.875375 1293350.681972 409719.164861 537666.713748 1421448.160816 2189.659627
3.577000e+03 99.849676 28724.931907 44273.952443 0.000000 245874.999912 292798.203232 3348.927250 60444.170888 29666.533863 1585.730453 8320.869753 3252.011066 140677.538509 2232698.974035 1447814.471930 341739.258722 371077.540336 81024.041294 65438.475252 738224.926006 83075.185424 23182227.367291 355730.282953 1394058.342720 839893.214542 5007576.545610 249542.744757 5223866.875375 1293350.681972 409719.164861 537666.713748 1421448.160816 2189.659627
3.650000e+03 99.849676 28724.931907 43394.671505 0.000000 249664.969035 294497.635346 3348.927250 60444.170888 29666.533863 1585.730453 8320.869753 3252.011066 140677.538509 2232698.974035 1447814.471930 341739.258722 371077.540336 81024.041294 65438.475252 738224.926006 83075.185424 23182227.367291 335093.525220 1394058.342720 839893.214542 0.000000 249542.744757 5223866.875375 1293350.681972 409719.164861 557208.421754 1421448.160816 2189.659627
3.723000e+03 99.849676 28724.931907 43394.671505 0.000000 249664.969035 294497.635346 3348.927250 60073.700884 29666.533863 1585.730453 8320.869753 3252.011066 140677.538509 2232698.974035 1447814.471930 0.000000 371077.540336 81024.041294 0.000000 0.000000 83075.185424 23182227.367291 335093.525220 0.000000 0.000000 5875454.296193 254403.077012 6123167.987575 1546571.717198 449960.031257 557208.421754 1440176.472854 2197.445115
3.796000e+03 91.657208 29943.863830 43394.671505 0.000000 249664.969035 294497.635346 3348.927250 60073.700884 31016.670954 1582.865037 8320.869753 3252.011066 142030.053415 2070512.775506 1461514.409323 394315.918097 377249.297108 81024.041294 65372.176647 813122.351219 87047.106786 27571092.314757 335093.525220 1406568.172489 909739.252507 5875454.296193 254403.077012 6123167.987575 1546571.717198 449960.031257 557208.421754 1440176.472854 2197.445115
3.869000e+03 91.657208 29943.863830 43394.671505 0.000000 249664.969035 294497.635346 3374.654723 60073.700884 31016.670954 1582.865037 9018.419379 3201.024023 142030.053415 2070512.775506 1461514.409323 394315.918097 377249.297108 81862.269604 65372.176647 813122.351219 87047.106786 27571092.314757 335093.525220 1406568.172489 909739.252507 5875454.296193 254403.077012 6123167.987575 1546571.717198 449960.031257 557208.421754 1440176.472854 2197.445115
3.942000e+03 91.657208 29943.863830 43394.671505 0.000000 249664.969035 294497.635346 3374.654723 60073.700884 31016.670954 1582.865037 9018.419379 3201.024023 142030.053415 2070512.775506 1461514.409323 394315.918097 377249.297108 81862.269604 65372.176647 813122.351219 87047.106786 27571092.314757 335093.525220 1406568.172489 909739.252507 5875454.296193 254403.077012 6123167.987575 1546571.717198 449960.031257 557208.421754 1440176.472854 2197.445115
4.015000e+03 91.657208 29943.863830 42478.316725 0.000000 252330.157227 295639.849143 3374.654723 60073.700884 31016.670954 1582.865037 9018.419379 3201.024023 142030.053415 2070512.775506 1461514.409323 394315.918097 377249.297108 81862.269604 65372.176647 813122.351219 87047.106786 27571092.314757 337166.323068 1406568.172489 909739.252507 0.000000 254403.077012 6123167.987575 1546571.717198 449960.031257 659024.502485 1440176.472854 2197.445115
4.088000e+03 91.657208 29943.863830 42478.316725 0.000000 252330.157227 295639.849143 3374.654723 59699.769563 31016.670954 1582.865037 9018.419379 3201.024023 142030.053415 2070512.775506 1461514.409323 0.000000 377249.297108 81862.269604 0.000000 0.000000 87047.106786 27571092.314757 337166.323068 0.000000 0.000000 6827821.900916 260701.481277 6482830.450281 1778928.710781 472249.046891 659024.502485 1638916.164332 1972.119484
4.161000e+03 84.033216 32885.275911 42478.316725 0.000000 252330.157227 295639.849143 3374.654723 59699.769563 32586.525658 1582.085455 9018.419379 3201.024023 142690.877220 1922276.361908 1473332.849060 370428.613043 380766.155329 81862.269604 64666.399010 892755.909874 93544.885388 26714061.394569 337166.323068 1426478.363045 981351.042082 6827821.900916 260701.481277 6482830.450281 1778928.710781 472249.046891 659024.502485 1638916.164332 1972.119484
4.234000e+03 84.033216 32885.275911 42478.316725 0.000000 252330.157227 295639.849143 3401.340996 59699.769563 32586.525658 1582.085455 9745.214324 3150.060995 142690.877220 1922276.361908 1473332.849060 370428.613043 380766.155329 83163.348876 64666.399010 892755.909874 93544.885388 26714061.394569 337166.323068 1426478.363045 981351.042082 6827821.900916 260701.481277 6482830.450281 1778928.710781 472249.046891 659024.502485 1638916.164332 1972.119484
4.307000e+03 84.033216 32885.275911 42478.316725 0.000000 252330.157227 295639.849143 3401.340996 59699.769563 32586.525658 1582.085455 9745.214324 3150.060995 142690.877220 1922276.361908 1473332.849060 370428.613043 380766.155329 83163.348876 64666.399010 892755.909874 93544.885388 26714061.394569 337166.323068 1426478.363045 981351.042082 6827821.900916 260701.481277 6482830.450281 1778928.710781 472249.046891 659024.502485 1638916.164332 1972.119484
4.380000e+03 84.033216 32885.275911 41595.509283 0.000000 257093.081776 298575.983223 3401.340996 59699.769563 32586.525658 1582.085455 9745.214324 3150.060995 142690.877220 1922276.361908 1473332.849060 370428.613043 380766.155329 83163.348876 64666.399010 892755.909874 93544.885388 26714061.394569 332865.171366 1426478.363045 981351.042082 0.000000 260701.481277 6482830.450281 1778928.710781 472249.046891 627173.416969 1638916.164332 1972.119484
4.453000e+03 84.033216 32885.275911 41595.509283 0.000000 257093.081776 298575.983223 3401.340996 59245.069827 32586.525658 1582.085455 9745.214324 3150.060995 142690.877220 1922276.361908 1473332.849060 0.000000 380766.155329 83163.348876 0.000000 0.000000 93544.885388 26714061.394569 332865.171366 0.000000 0.000000 7929059.689337 265234.924980 6648237.155646 1862194.493995 497237.906755 627173.416969 1616087.446099 1748.132164
4.526000e+03 78.946681 35481.673457 41595.509283 0.000000 257093.081776 298575.983223 3401.340996 59245.069827 33764.679607 1578.076001 9745.214324 3150.060995 143778.367601 1754124.921714 1477690.876678 355187.100195 382169.873935 83163.348876 63937.104892 973200.273985 101069.499618 26969462.995717 332865.171366 1421994.938252 1115521.679476 7929059.689337 265234.924980 6648237.155646 1862194.493995 497237.906755 627173.416969 1616087.446099 1748.132164
4.599000e+03 78.946681 35481.673457 41595.509283 0.000000 257093.081776 298575.983223 3418.479058 59245.069827 33764.679607 1578.076001 10487.610185 3099.561061 143778.367601 1754124.921714 1477690.876678 355187.100195 382169.873935 84145.792944 63937.104892 973200.273985 101069.499618 26969462.995717 332865.171366 1421994.938252 1115521.679476 7929059.689337 265234.924980 6648237.155646 1862194.493995 497237.906755 627173.416969 1616087.446099 1748.132164
4.672000e+03 78.946681 35481.673457 41595.509283 0.000000 257093.081776 298575.983223 3418.479058 59245.069827 33764.679607 1578.076001 10487.610185 3099.561061 143778.367601 1754124.921714 1477690.876678 355187.100195 382169.873935 84145.792944 63937.104892 973200.273985 101069.499618 26969462.995717 332865.171366 1421994.938252 1115521.679476 7929059.689337 265234.924980 6648237.155646 1862194.493995 497237.906755 627173.416969 1616087.446099 1748.132164
4.745000e+03 78.946681 35481.673457 40400.807551 0.000000 258729.483495 298318.119814 3418.479058 59245.069827 33764.679607 1578.076001 10487.610185 3099.561061 143778.367601 1754124.921714 1477690.876678 355187.100195 382169.873935 84145.792944 63937.104892 973200.273985 101069.499618 26969462.995717 323398.846352 1421994.938252 1115521.679476 0.000000 265234.924980 6648237.155646 1862194.493995 497237.906755 780068.832082 1616087.446099 1748.132164
4.818000e+03 78.946681 35481.673457 40400.807551 0.000000 258729.483495 298318.119814 3418.479058 58765.393108 33764.679607 1578.076001 10487.610185 3099.561061 143778.367601 1754124.921714 1477690.876678 0.000000 382169.873935 84145.792944 0.000000 0.000000 101069.499618 26969462.995717 323398.846352 0.000000 0.000000 8870331.049230 263589.981532 6961406.547716 2025186.099382 508896.199278 780068.832082 1369053.096718 1729.676969
4.891000e+03 74.523779 37295.335983 40400.807551 0.000000 258729.483495 298318.119814 3418.479058 58765.393108 36395.551586 1571.843266 10487.610185 3099.561061 144953.028657 1664832.373181 1486722.816685 343563.538614 390567.469687 84145.792944 62733.085629 1053744.285492 112088.611852 26680537.823815 323398.846352 1493894.889564 1128923.703884 8870331.049230 263589.981532 6961406.547716 2025186.099382 508896.199278 780068.832082 1369053.096718 1729.676969
4.964000e+03 74.523779 37295.335983 40400.807551 0.000000 258729.483495 298318.119814 3437.137876 58765.393108 36395.551586 1571.843266 11315.833698 3068.694097 144953.028657 1664832.373181 1486722.816685 343563.538614 390567.469687 85676.934518 62733.085629 1053744.285492 112088.611852 26680537.823815 323398.846352 1493894.889564 1128923.703884 8870331.049230 263589.981532 6961406.547716 2025186.099382 508896.199278 780068.832082 1369053.096718 1729.676969
5.037000e+03 74.523779 37295.335983 40400.807551 0.000000 258729.483495 298318.119814 3437.137876 58765.393108 36395.551586 1571.843266 11315.833698 3068.694097 144953.028657 1664832.373181 1486722.816685 343563.538614 390567.469687 85676.934518 62733.085629 1053744.285492 112088.611852 26680537.823815 323398.846352 1493894.889564 1128923.703884 8870331.049230 263589.981532 6961406.547716 2025186.099382 508896.199278 780068.832082 1369053.096718 1729.676969
5.110000e+03 74.523779 37295.335983 39496.535819 0.000000 260931.615334 298777.183694 3437.137876 58765.393108 36395.551586 1571.843266 11315.833698 3068.694097 144953.028657 1664832.373181 1486722.816685 343563.538614 390567.469687 85676.934518 62733.085629 1053744.285492 112088.611852 26680537.823815 320776.698715 1493894.889564 1128923.703884 0.000000 263589.981532 6961406.547716 2025186.099382 508896.199278 959768.161853 1369053.096718 1729.676969
5.183000e+03 74.523779 37295.335983 39496.535819 0.000000 260931.615334 298777.183694 3437.137876 58246.912088 36395.551586 1571.843266 11315.833698 3068.694097 144953.028657 1664832.373181 1486722.816685 0.000000 390567.469687 85676.934518 0.000000 0.000000 112088.611852 26680537.823815 320776.698715 0.000000 0.000000 9970992.077986 271578.550401 7205507.675062 2004233.752822 526828.983151 959768.161853 1592515.383248 1846.791848
5.256000e+03 69.988117 37787.646815 39496.535819 0.000000 260931.615334 298777.183694 3437.137876 58246.912088 37171.101442 1567.210128 11315.833698 3068.694097 145122.925833 1566517.278493 1484243.186700 330023.060121 395621.789077 85676.934518 62184.063812 1146162.625966 123507.290614 25043121.691263 320776.698715 1430227.432700 1083604.029649 9970992.077986 271578.550401 7205507.675062 2004233.752822 526828.983151 959768.161853 1592515.383248 1846.791848
5.329000e+03 69.988117 37787.646815 39496.535819 0.000000 260931.615334 298777.183694 3457.659050 58246.912088 37171.101442 1567.210128 12155.767060 3037.930484 145122.925833 1566517.278493 1484243.186700 330023.060121 395621.789077 86802.050285 62184.063812 1146162.625966 123507.290614 25043121.691263 320776.698715 1430227.432700 1083604.029649 9970992.077986 271578.550401 7205507.675062 2004233.752822 526828.983151 959768.161853 1592515.383248 1846.791848
5.402000e+03 69.988117 37787.646815 39496.535819 0.000000 260931.615334 298777.183694 3457.659050 58246.912088 37171.101442 1567.210128 12155.767060 3037.930484 145122.925833 1566517.278493 1484243.186700 330023.060121 395621.789077 86802.050285 62184.063812 1146162.625966 123507.290614 25043121.691263 320776.698715 1430227.432700 1083604.029649 9970992.077986 271578.550401 7205507.675062 2004233.752822 526828.983151 959768.161853 1592515.383248 1846.791848
5.475000e+03 69.988117 37787.646815 38557.105951 0.000000 262384.328715 299118.324533 3457.659050 58246.912088 37171.101442 1567.210128 12155.767060 3037.930484 145122.925833 1566517.278493 1484243.186700 330023.060121 395621.789077 86802.050285 62184.063812 1146162.625966 123507.290614 25043121.691263 313045.099500 1430227.432700 1083604.029649 0.000000 271578.550401 7205507.675062 2004233.752822 526828.983151 1077523.411921 1592515.383248 1846.791848
5.548000e+03 69.988117 37787.646815 38557.105951 0.000000 262384.328715 299118.324533 3457.659050 57636.997781 37171.101442 1567.210128 12155.767060 3037.930484 145122.925833 1566517.278493 1484243.186700 0.000000 395621.789077 86802.050285 0.000000 0.000000 123507.290614 25043121.691263 313045.099500 0.000000 0.000000 7146636.663361 277101.261720 7206209.443785 2072892.181855 536698.065071 1077523.411921 2090109.595607 1741.858821
5.621000e+03 66.794225 37870.817979 38557.105951 0.000000 262384.328715 299118.324533 3457.659050 57636.997781 37728.345644 1562.831827 12155.767060 3037.930484 147038.861463 1503593.200759 1476296.015563 326311.653869 398379.519915 86802.050285 61162.401559 1248950.541120 137051.799249 25705742.231508 313045.099500 1483681.025971 753190.675972 7146636.663361 277101.261720 7206209.443785 2072892.181855 536698.065071 1077523.411921 2090109.595607 1741.858821
5.694000e+03 66.794225 37870.817979 38557.105951 0.000000 262384.328715 299118.324533 3480.422828 57636.997781 37728.345644 1562.831827 13019.273958 3027.384825 147038.861463 1503593.200759 1476296.015563 326311.653869 398379.519915 88504.024902 61162.401559 1248950.541120 137051.799249 25705742.231508 313045.099500 1483681.025971 753190.675972 7146636.663361 277101.261720 7206209.443785 2072892.181855 536698.065071 1077523.411921 2090109.595607 1741.858821
5.767000e+03 66.794225 37870.817979 38557.105951 0.000000 262384.328715 299118.324533 3480.422828 57636.997781 37728.345644 1562.831827 13019.273958 3027.384825 147038.861463 1503593.200759 1476296.015563 326311.653869 398379.519915 88504.024902 61162.401559 1248950.541120 137051.799249 25705742.231508 313045.099500 1483681.025971 753190.675972 7146636.663361 277101.261720 7206209.443785 2072892.181855 536698.065071 1077523.411921 2090109.595607 1741.858821
5.840000e+03 66.794225 37870.817979 37537.050060 0.000000 264472.265165 300207.681956 3480.422828 57636.997781 37728.345644 1562.831827 13019.273958 3027.384825 147038.861463 1503593.200759 1476296.015563 326311.653869 398379.519915 88504.024902 61162.401559 1248950.541120 137051.799249 25705742.231508 313373.708594 1483681.025971 753190.675972 0.000000 277101.261720 7206209.443785 2072892.181855 536698.065071 1174009.626562 2090109.595607 1741.858821
5.913000e+03 66.794225 37870.817979 37537.050060 0.000000 264472.265165 300207.681956 3480.422828 56941.061640 37728.345644 1562.831827 13019.273958 3027.384825 147038.861463 1503593.200759 1476296.015563 0.000000 398379.519915 88504.024902 0.000000 0.000000 137051.799249 25705742.231508 313373.708594 0.000000 0.000000 5220289.379465 286015.698909 7275003.618987 2190656.472013 547081.242719 1174009.626562 1539907.658893 1715.926683
5.986000e+03 64.188429 38192.914630 37537.050060 0.000000 264472.265165 300207.681956 3480.422828 56941.061640 38048.390782 1558.505022 13019.273958 3027.384825 148193.844083 1459410.160683 1467412.914027 328941.212577 400290.859890 88504.024902 61217.599468 1375140.227128 151116.143430 25665165.776992 313373.708594 1446221.346690 542156.319422 5220289.379465 286015.698909 7275003.618987 2190656.472013 547081.242719 1174009.626562 1539907.658893 1715.926683
6.059000e+03 64.188429 38192.914630 37537.050060 0.000000 264472.265165 300207.681956 3505.661241 56941.061640 38048.390782 1558.505022 13900.735116 3047.945384 148193.844083 1459410.160683 1467412.914027 328941.212577 400290.859890 88952.560276 61217.599468 1375140.227128 151116.143430 25665165.776992 313373.708594 1446221.346690 542156.319422 5220289.379465 286015.698909 7275003.618987 2190656.472013 547081.242719 1174009.626562 1539907.658893 1715.926683
6.132000e+03 64.188429 38192.914630 37537.050060 0.000000 264472.265165 300207.681956 3505.661241 56941.061640 38048.390782 1558.505022 13900.735116 3047.945384 148193.844083 1459410.160683 1467412.914027 328941.212577 400290.859890 88952.560276 61217.599468 1375140.227128 151116.143430 25665165.776992 313373.708594 1446221.346690 542156.319422 5220289.379465 286015.698909 7275003.618987 2190656.472013 547081.242719 1174009.626562 1539907.658893 1715.926683
6.205000e+03 64.188429 38192.914630 36578.248367 0.000000 266473.745544 301371.012549 3505.661241 56941.061640 38048.390782 1558.505022 13900.735116 3047.945384 148193.844083 1459410.160683 1467412.914027 328941.212577 400290.859890 88952.560276 61217.599468 1375140.227128 151116.143430 25665165.776992 310399.439048 1446221.346690 542156.319422 0.000000 286015.698909 7275003.618987 2190656.472013 547081.242719 1245976.017434 1539907.658893 1715.926683
6.278000e+03 64.188429 38192.914630 36578.248367 0.000000 266473.745544 301371.012549 3505.661241 56932.290903 38048.390782 1558.505022 13900.735116 3047.945384 148193.844083 1459410.160683 1467412.914027 0.000000 400290.859890 88952.560276 0.000000 0.000000 151116.143430 25665165.776992 310399.439048 0.000000 0.000000 3742865.607198 291709.938936 7268770.096251 2372018.883302 554716.276543 1245976.017434 1357749.688893 1806.112862
6.351000e+03 62.695300 38133.379399 36578.248367 0.000000 266473.745544 301371.012549 3505.661241 56932.290903 38309.407663 1554.538907 13900.735116 3047.945384 149380.406873 1396418.871457 1461664.300039 338630.135455 408171.680121 88952.560276 60427.266306 1487407.427115 165087.396756 26001217.971772 310399.439048 1420900.821844 417692.311890 3742865.607198 291709.938936 7268770.096251 2372018.883302 554716.276543 1245976.017434 1357749.688893 1806.112862
6.424000e+03 62.695300 38133.379399 36578.248367 0.000000 266473.745544 301371.012549 3533.400588 56932.290903 38309.407663 1554.538907 14814.398866 3079.717777 149380.406873 1396418.871457 1461664.300039 338630.135455 408171.680121 90467.883298 60427.266306 1487407.427115 165087.396756 26001217.971772 310399.439048 1420900.821844 417692.311890 3742865.607198 291709.938936 7268770.096251 2372018.883302 554716.276543 1245976.017434 1357749.688893 1806.112862
6.497000e+03 62.695300 38133.379399 36578.248367 0.000000 266473.745544 301371.012549 3533.400588 56932.290903 38309.407663 1554.538907 14814.398866 3079.717777 149380.406873 1396418.871457 1461664.300039 338630.135455 408171.680121 90467.883298 60427.266306 1487407.427115 165087.396756 26001217.971772 310399.439048 1420900.821844 417692.311890 3742865.607198 291709.938936 7268770.096251 2372018.883302 554716.276543 1245976.017434 1357749.688893 1806.112862
6.570000e+03 62.695300 38133.379399 35694.844383 0.000000 268409.217295 302575.826114 3533.400588 56932.290903 38309.407663 1554.538907 14814.398866 3079.717777 149380.406873 1396418.871457 1461664.300039 338630.135455 408171.680121 90467.883298 60427.266306 1487407.427115 165087.396756 26001217.971772 319752.862894 1420900.821844 417692.311890 0.000000 291709.938936 7268770.096251 2372018.883302 554716.276543 1239154.439417 1357749.688893 1806.112862
6.643000e+03 62.695300 38133.379399 35694.844383 0.000000 268409.217295 302575.826114 3533.400588 56351.003953 38309.407663 1554.538907 14814.398866 3079.717777 149380.406873 1396418.871457 1461664.300039 0.000000 408171.680121 90467.883298 0.000000 0.000000 165087.396756 26001217.971772 319752.862894 0.000000 0.000000 2742278.162545 297623.187273 7293174.148135 2525032.598714 560710.282064 1239154.439417 1930254.973979 1739.898342
6.716000e+03 61.272711 39501.983885 35694.844383 0.000000 268409.217295 302575.826114 3533.400588 56351.003953 37904.303841 1553.401519 14814.398866 3079.717777 152907.918778 1362697.195390 1462047.470293 352190.250462 415182.529490 90467.883298 60808.129811 1600653.772187 179842.156627 25761530.842276 319752.862894 1420433.205462 386166.423635 2742278.162545 297623.187273 7293174.148135 2525032.598714 560710.282064 1239154.439417 1930254.973979 1739.898342
6.789000e+03 61.272711 39501.983885 35694.844383 0.000000 268409.217295 302575.826114 3572.762412 56351.003953 37904.303841 1553.401519 15719.182885 3133.695776 152907.918778 1362697.195390 1462047.470293 352190.250462 415182.529490 90441.712912 60808.129811 1600653.772187 179842.156627 25761530.842276 319752.862894 1420433.205462 386166.423635 2742278.162545 297623.187273 7293174.148135 2525032.598714 560710.282064 1239154.439417 1930254.973979 1739.898342
6.862000e+03 61.272711 39501.983885 35694.844383 0.000000 268409.217295 302575.826114 3572.762412 56351.003953 37904.303841 1553.401519 15719.182885 3133.695776 152907.918778 1362697.195390 1462047.470293 352190.250462 415182.529490 90441.712912 60808.129811 1600653.772187 179842.156627 25761530.842276 319752.862894 1420433.205462 386166.423635 2742278.162545 297623.187273 7293174.148135 2525032.598714 560710.282064 1239154.439417 1930254.973979 1739.898342
6.935000e+03 61.272711 39501.983885 34823.454570 0.000000 270249.176177 303261.726004 3572.762412 56351.003953 37904.303841 1553.401519 15719.182885 3133.695776 152907.918778 1362697.195390 1462047.470293 352190.250462 415182.529490 90441.712912 60808.129811 1600653.772187 179842.156627 25761530.842276 323766.523464 1420433.205462 386166.423635 0.000000 297623.187273 7293174.148135 2525032.598714 560710.282064 1309229.189453 1930254.973979 1739.898342
7.008000e+03 61.272711 39501.983885 34823.454570 0.000000 270249.176177 303261.726004 3572.762412 55369.046443 37904.303841 1553.401519 15719.182885 3133.695776 152907.918778 1362697.195390 1462047.470293 0.000000 415182.529490 90441.712912 0.000000 0.000000 179842.156627 25761530.842276 323766.523464 0.000000 0.000000 2020863.011738 304881.792345 7319085.389805 2629662.808154 568952.290057 1309229.189453 2034378.405048 1706.782169
7.081000e+03 61.509083 40181.271451 34823.454570 0.000000 270249.176177 303261.726004 3572.762412 55369.046443 38438.597235 1551.104206 15719.182885 3133.695776 156393.437496 1373279.756212 1461208.324675 370410.925288 420911.939310 90441.712912 60954.657254 1690424.794110 193496.612647 27750751.617489 323766.523464 1408964.995929 570972.038275 2020863.011738 304881.792345 7319085.389805 2629662.808154 568952.290057 1309229.189453 2034378.405048 1706.782169
7.154000e+03 61.509083 40181.271451 34823.454570 0.000000 270249.176177 303261.726004 3613.985136 55369.046443 38438.597235 1551.104206 16484.025342 3168.672800 156393.437496 1373279.756212 1461208.324675 370410.925288 420911.939310 92681.632921 60954.657254 1690424.794110 193496.612647 27750751.617489 323766.523464 1408964.995929 570972.038275 2020863.011738 304881.792345 7319085.389805 2629662.808154 568952.290057 1309229.189453 2034378.405048 1706.782169
7.227000e+03 61.509083 40181.271451 34823.454570 0.000000 270249.176177 303261.726004 3613.985136 55369.046443 38438.597235 1551.104206 16484.025342 3168.672800 156393.437496 1373279.756212 1461208.324675 370410.925288 420911.939310 92681.632921 60954.657254 1690424.794110 193496.612647 27750751.617489 323766.523464 1408964.995929 570972.038275 2020863.011738 304881.792345 7319085.389805 2629662.808154 568952.290057 1309229.189453 2034378.405048 1706.782169
7.300000e+03 61.509083 40181.271451 33924.756279 0.000000 271941.361982 303951.047889 3613.985136 55369.046443 38438.597235 1551.104206 16484.025342 3168.672800 156393.437496 1373279.756212 1461208.324675 370410.925288 420911.939310 92681.632921 60954.657254 1690424.794110 193496.612647 27750751.617489 338368.163660 1408964.995929 570972.038275 0.000000 304881.792345 7319085.389805 2629662.808154 568952.290057 1481994.142731 2034378.405048 1706.782169
7.373000e+03 61.509083 40181.271451 33924.756279 0.000000 271941.361982 303951.047889 3613.985136 54800.892907 38438.597235 1551.104206 16484.025342 3168.672800 156393.437496 1373279.756212 1461208.324675 0.000000 420911.939310 92681.632921 0.000000 0.000000 193496.612647 27750751.617489 338368.163660 0.000000 0.000000 1567074.623384 312003.894719 7501863.626494 2805151.698513 553233.748709 1481994.142731 1877554.795613 1879.725832
7.446000e+03 61.208035 39881.090959 33924.756279 0.000000 271941.361982 303951.047889 3613.985136 54800.892907 40529.966827 1552.063141 16484.025342 3168.672800 160600.692537 1377576.882609 1477785.569723 395567.688174 404087.971583 92681.632921 60941.105895 1805087.510835 204023.594146 26287055.772360 338368.163660 1499723.427340 510789.267437 1567074.623384 312003.894719 7501863.626494 2805151.698513 553233.748709 1481994.142731 1877554.795613 1879.725832
7.519000e+03 61.208035 39881.090959 33924.756279 0.000000 271941.361982 303951.047889 3657.221197 54800.892907 40529.966827 1552.063141 17084.007567 3181.595074 160600.692537 1377576.882609 1477785.569723 395567.688174 404087.971583 92851.741783 60941.105895 1805087.510835 204023.594146 26287055.772360 338368.163660 1499723.427340 510789.267437 1567074.623384 312003.894719 7501863.626494 2805151.698513 553233.748709 1481994.142731 1877554.795613 1879.725832
7.592000e+03 61.208035 39881.090959 33924.756279 0.000000 271941.361982 303951.047889 3657.221197 54800.892907 40529.966827 1552.063141 17084.007567 3181.595074 160600.692537 1377576.882609 1477785.569723 395567.688174 404087.971583 92851.741783 60941.105895 1805087.510835 204023.594146 26287055.772360 338368.163660 1499723.427340 510789.267437 1567074.623384 312003.894719 7501863.626494 2805151.698513 553233.748709 1481994.142731 1877554.795613 1879.725832
7.665000e+03 61.208035 39881.090959 33054.672527 0.000000 273180.980838 304709.106163 3657.221197 54800.892907 40529.966827 1552.063141 17084.007567 3181.595074 160600.692537 1377576.882609 1477785.569723 395567.688174 404087.971583 92851.741783 60941.105895 1805087.510835 204023.594146 26287055.772360 336142.202162 1499723.427340 510789.267437 0.000000 312003.894719 7501863.626494 2805151.698513 553233.748709 1615434.507538 1877554.795613 1879.725832
7.738000e+03 61.208035 39881.090959 33054.672527 0.000000 273180.980838 304709.106163 3657.221197 54301.994987 40529.966827 1552.063141 17084.007567 3181.595074 160600.692537 1377576.882609 1477785.569723 0.000000 404087.971583 92851.741783 0.000000 0.000000 204023.594146 26287055.772360 336142.202162 0.000000 0.000000 1256235.342074 319462.512052 6877870.850406 3018353.415153 394243.856045 1615434.507538 2158317.055967 1890.561966
7.811000e+03 60.785792 38958.241163 33054.672527 0.000000 273180.980838 304709.106163 3657.221197 54301.994987 42086.955080 1551.839541 17084.007567 3181.595074 164172.960468 1379716.440338 1485324.704656 424942.401527 336462.583714 92851.741783 61051.828960 1876067.963395 209277.290525 23242079.846795 336142.202162 1451012.533212 445622.628075 1256235.342074 319462.512052 6877870.850406 3018353.415153 394243.856045 1615434.507538 2158317.055967 1890.561966
7.884000e+03 60.785792 38958.241163 33054.672527 0.000000 273180.980838 304709.106163 3711.059478 54301.994987 42086.955080 1551.839541 17493.296531 3183.526704 164172.960468 1379716.440338 1485324.704656 424942.401527 336462.583714 92633.908719 61051.828960 1876067.963395 209277.290525 23242079.846795 336142.202162 1451012.533212 445622.628075 1256235.342074 319462.512052 6877870.850406 3018353.415153 394243.856045 1615434.507538 2158317.055967 1890.561966
7.957000e+03 60.785792 38958.241163 33054.672527 0.000000 273180.980838 304709.106163 3711.059478 54301.994987 42086.955080 1551.839541 17493.296531 3183.526704 164172.960468 1379716.440338 1485324.704656 424942.401527 336462.583714 92633.908719 61051.828960 1876067.963395 209277.290525 23242079.846795 336142.202162 1451012.533212 445622.628075 1256235.342074 319462.512052 6877870.850406 3018353.415153 394243.856045 1615434.507538 2158317.055967 1890.561966
8.030000e+03 60.785792 38958.241163 32097.050392 0.000000 274354.302057 305421.608706 3711.059478 54301.994987 42086.955080 1551.839541 17493.296531 3183.526704 164172.960468 1379716.440338 1485324.704656 424942.401527 336462.583714 92633.908719 61051.828960 1876067.963395 209277.290525 23242079.846795 341407.752757 1451012.533212 445622.628075 0.000000 319462.512052 6877870.850406 3018353.415153 394243.856045 1606904.360752 2158317.055967 1890.561966
8.103000e+03 60.785792 38958.241163 32097.050392 0.000000 274354.302057 305421.608706 3711.059478 53758.561162 42086.955080 1551.839541 17493.296531 3183.526704 164172.960468 1379716.440338 1485324.704656 0.000000 336462.583714 92633.908719 0.000000 0.000000 209277.290525 23242079.846795 341407.752757 0.000000 0.000000 981861.522966 324024.870530 6004079.620155 3061779.086324 322476.435070 1606904.360752 2244691.905009 1777.262345
8.176000e+03 60.479172 38758.666947 32097.050392 0.000000 274354.302057 305421.608706 3711.059478 53758.561162 41857.548778 1553.588144 17493.296531 3183.526704 168649.834165 1386454.628582 1472220.239932 453551.765013 285902.561468 92633.908719 61212.438671 1939047.237952 216069.652724 22447364.202565 341407.752757 1441863.590036 365050.123550 981861.522966 324024.870530 6004079.620155 3061779.086324 322476.435070 1606904.360752 2244691.905009 1777.262345
8.249000e+03 60.479172 38758.666947 32097.050392 0.000000 274354.302057 305421.608706 3766.232161 53758.561162 41857.548778 1553.588144 17807.018277 3180.666038 168649.834165 1386454.628582 1472220.239932 453551.765013 285902.561468 92703.672423 61212.438671 1939047.237952 216069.652724 22447364.202565 341407.752757 1441863.590036 365050.123550 981861.522966 324024.870530 6004079.620155 3061779.086324 322476.435070 1606904.360752 2244691.905009 1777.262345
8.322000e+03 60.479172 38758.666947 32097.050392 0.000000 274354.302057 305421.608706 3766.232161 53758.561162 41857.548778 1553.588144 17807.018277 3180.666038 168649.834165 1386454.628582 1472220.239932 453551.765013 285902.561468 92703.672423 61212.438671 1939047.237952 216069.652724 22447364.202565 341407.752757 1441863.590036 365050.123550 981861.522966 324024.870530 6004079.620155 3061779.086324 322476.435070 1606904.360752 2244691.905009 1777.262345
8.395000e+03 60.479172 38758.666947 31084.976503 0.000000 275496.397696 306123.517105 3766.232161 53758.561162 41857.548778 1553.588144 17807.018277 3180.666038 168649.834165 1386454.628582 1472220.239932 453551.765013 285902.561468 92703.672423 61212.438671 1939047.237952 216069.652724 22447364.202565 346560.011931 1441863.590036 365050.123550 0.000000 324024.870530 6004079.620155 3061779.086324 322476.435070 1728503.075264 2244691.905009 1777.262345
8.468000e+03 60.479172 38758.666947 31084.976503 0.000000 275496.397696 306123.517105 3766.232161 53178.871209 41857.548778 1553.588144 17807.018277 3180.666038 168649.834165 1386454.628582 1472220.239932 0.000000 285902.561468 92703.672423 0.000000 0.000000 216069.652724 22447364.202565 346560.011931 0.000000 0.000000 807185.066684 328968.784161 5490490.567995 3293635.126761 290502.555314 1728503.075264 2101074.547462 1813.260120
8.541000e+03 60.276465 38557.374130 31084.976503 0.000000 275496.397696 306123.517105 3766.232161 53178.871209 43155.575503 1555.982631 17807.018277 3180.666038 173184.189181 1399204.916321 1468399.180755 478991.889036 247871.223663 92703.672423 61327.701092 1994585.391773 222421.522592 22668123.067939 346560.011931 1492986.314574 303678.795459 807185.066684 328968.784161 5490490.567995 3293635.126761 290502.555314 1728503.075264 2101074.547462 1813.260120
8.614000e+03 60.276465 38557.374130 31084.976503 0.000000 275496.397696 306123.517105 3822.840877 53178.871209 43155.575503 1555.982631 18114.210561 3177.901240 173184.189181 1399204.916321 1468399.180755 478991.889036 247871.223663 92605.838556 61327.701092 1994585.391773 222421.522592 22668123.067939 346560.011931 1492986.314574 303678.795459 807185.066684 328968.784161 5490490.567995 3293635.126761 290502.555314 1728503.075264 2101074.547462 1813.260120
8.687000e+03 60.276465 38557.374130 31084.976503 0.000000 275496.397696 306123.517105 3822.840877 53178.871209 43155.575503 1555.982631 18114.210561 3177.901240 173184.189181 1399204.916321 1468399.180755 478991.889036 247871.223663 92605.838556 61327.701092 1994585.391773 222421.522592 22668123.067939 346560.011931 1492986.314574 303678.795459 807185.066684 328968.784161 5490490.567995 3293635.126761 290502.555314 1728503.075264 2101074.547462 1813.260120
8.760000e+03 60.276465 38557.374130 29993.744232 0.000000 276719.763177 306853.066272 3822.840877 53178.871209 43155.575503 1555.982631 18114.210561 3177.901240 173184.189181 1399204.916321 1468399.180755 478991.889036 247871.223663 92605.838556 61327.701092 1994585.391773 222421.522592 22668123.067939 349818.801150 1492986.314574 303678.795459 0.000000 328968.784161 5490490.567995 3293635.126761 290502.555314 1822919.024503 2101074.547462 1813.260120
8.833000e+03 60.276465 38557.374130 29993.744232 0.000000 276719.763177 306853.066272 3822.840877 52483.182210 43155.575503 1555.982631 18114.210561 3177.901240 173184.189181 1399204.916321 1468399.180755 0.000000 247871.223663 92605.838556 0.000000 0.000000 222421.522592 22668123.067939 349818.801150 0.000000 0.000000 698160.443743 354520.142079 5124003.348508 3941684.619142 275476.002073 1822919.024503 1941417.929949 1922.688586
8.906000e+03 60.161772 37373.251347 29993.744232 0.000000 276719.763177 306853.066272 3822.840877 52483.182210 43997.487376 1559.300417 18114.210561 3177.901240 176172.104562 1427946.064206 1458675.491325 499038.183524 219823.163992 92605.838556 61508.202726 2042851.220244 228973.521503 23403278.959214 349818.801150 1463442.816269 244538.191271 698160.443743 354520.142079 5124003.348508 3941684.619142 275476.002073 1822919.024503 1941417.929949 1922.688586
8.979000e+03 60.161772 37373.251347 29993.744232 0.000000 276719.763177 306853.066272 3890.691551 52483.182210 43997.487376 1559.300417 18410.149617 3175.029722 176172.104562 1427946.064206 1458675.491325 499038.183524 219823.163992 92378.113567 61508.202726 2042851.220244 228973.521503 23403278.959214 349818.801150 1463442.816269 244538.191271 698160.443743 354520.142079 5124003.348508 3941684.619142 275476.002073 1822919.024503 1941417.929949 1922.688586
9.052000e+03 60.161772 37373.251347 29993.744232 0.000000 276719.763177 306853.066272 3890.691551 52483.182210 43997.487376 1559.300417 18410.149617 3175.029722 176172.104562 1427946.064206 1458675.491325 499038.183524 219823.163992 92378.113567 61508.202726 2042851.220244 228973.521503 23403278.959214 349818.801150 1463442.816269 244538.191271 698160.443743 354520.142079 5124003.348508 3941684.619142 275476.002073 1822919.024503 1941417.929949 1922.688586
9.125000e+03 60.161772 37373.251347 28786.503167 0.000000 283336.272953 311450.053114 3890.691551 52483.182210 43997.487376 1559.300417 18410.149617 3175.029722 176172.104562 1427946.064206 1458675.491325 499038.183524 219823.163992 92378.113567 61508.202726 2042851.220244 228973.521503 23403278.959214 352622.688799 1463442.816269 244538.191271 0.000000 354520.142079 5124003.348508 3941684.619142 275476.002073 1781564.276249 1941417.929949 1922.688586
9.198000e+03 60.161772 37373.251347 28786.503167 0.000000 283336.272953 311450.053114 3890.691551 51839.532945 43997.487376 1559.300417 18410.149617 3175.029722 176172.104562 1427946.064206 1458675.491325 0.000000 219823.163992 92378.113567 0.000000 0.000000 228973.521503 23403278.959214 352622.688799 0.000000 0.000000 632148.722223 376434.374253 4748774.766223 4381489.653734 264074.063621 1781564.276249 2054778.769039 1837.919649
9.271000e+03 60.111170 35546.010369 28786.503167 0.000000 283336.272953 311450.053114 3890.691551 51839.532945 44481.173503 1563.635273 18410.149617 3175.029722 179098.144079 1477772.269809 1455546.783419 516888.261363 199969.808731 92378.113567 62131.470905 2104766.870937 237148.440139 24704393.603463 352622.688799 1463208.969012 210465.785304 632148.722223 376434.374253 4748774.766223 4381489.653734 264074.063621 1781564.276249 2054778.769039 1837.919649
9.344000e+03 60.111170 35546.010369 28786.503167 0.000000 283336.272953 311450.053114 3960.594099 51839.532945 44481.173503 1563.635273 18694.435362 3172.939923 179098.144079 1477772.269809 1455546.783419 516888.261363 199969.808731 92372.515728 62131.470905 2104766.870937 237148.440139 24704393.603463 352622.688799 1463208.969012 210465.785304 632148.722223 376434.374253 4748774.766223 4381489.653734 264074.063621 1781564.276249 2054778.769039 1837.919649
9.417000e+03 60.111170 35546.010369 28786.503167 0.000000 283336.272953 311450.053114 3960.594099 51839.532945 44481.173503 1563.635273 18694.435362 3172.939923 179098.144079 1477772.269809 1455546.783419 516888.261363 199969.808731 92372.515728 62131.470905 2104766.870937 237148.440139 24704393.603463 352622.688799 1463208.969012 210465.785304 632148.722223 376434.374253 4748774.766223 4381489.653734 264074.063621 1781564.276249 2054778.769039 1837.919649
9.490000e+03 60.111170 35546.010369 27764.368401 0.000000 288270.310679 314893.619136 3960.594099 51839.532945 44481.173503 1563.635273 18694.435362 3172.939923 179098.144079 1477772.269809 1455546.783419 516888.261363 199969.808731 92372.515728 62131.470905 2104766.870937 237148.440139 24704393.603463 347087.984229 1463208.969012 210465.785304 0.000000 376434.374253 4748774.766223 4381489.653734 264074.063621 1824810.900233 2054778.769039 1837.919649
9.563000e+03 60.111170 35546.010369 27764.368401 0.000000 288270.310679 314893.619136 3960.594099 51143.067907 44481.173503 1563.635273 18694.435362 3172.939923 179098.144079 1477772.269809 1455546.783419 0.000000 199969.808731 92372.515728 0.000000 0.000000 237148.440139 24704393.603463 347087.984229 0.000000 0.000000 578436.419999 371711.518562 4295672.057083 4759117.606861 224497.860816 1824810.900233 1598636.455303 1884.582174
9.636000e+03 60.201814 34834.255499 27764.368401 0.000000 288270.310679 314893.619136 3960.594099 51143.067907 44398.678986 1568.572107 18694.435362 3172.939923 181460.242243 1514237.384788 1461510.511257 533764.525661 188167.767392 92372.515728 62704.876532 2168170.538097 246231.498707 25526289.322486 347087.984229 1068019.193635 205654.457211 578436.419999 371711.518562 4295672.057083 4759117.606861 224497.860816 1824810.900233 1598636.455303 1884.582174
9.709000e+03 60.201814 34834.255499 27764.368401 0.000000 288270.310679 314893.619136 4024.319529 51143.067907 44398.678986 1568.572107 18965.333061 3172.526440 181460.242243 1514237.384788 1461510.511257 533764.525661 188167.767392 92279.004605 62704.876532 2168170.538097 246231.498707 25526289.322486 347087.984229 1068019.193635 205654.457211 578436.419999 371711.518562 4295672.057083 4759117.606861 224497.860816 1824810.900233 1598636.455303 1884.582174
9.782000e+03 60.201814 34834.255499 27764.368401 0.000000 288270.310679 314893.619136 4024.319529 51143.067907 44398.678986 1568.572107 18965.333061 3172.526440 181460.242243 1514237.384788 1461510.511257 533764.525661 188167.767392 92279.004605 62704.876532 2168170.538097 246231.498707 25526289.322486 347087.984229 1068019.193635 205654.457211 578436.419999 371711.518562 4295672.057083 4759117.606861 224497.860816 1824810.900233 1598636.455303 1884.582174
9.855000e+03 60.201814 34834.255499 26875.389380 0.000000 289927.449526 315623.042565 4024.319529 51143.067907 44398.678986 1568.572107 18965.333061 3172.526440 181460.242243 1514237.384788 1461510.511257 533764.525661 188167.767392 92279.004605 62704.876532 2168170.538097 246231.498707 25526289.322486 342649.154465 1068019.193635 205654.457211 0.000000 371711.518562 4295672.057083 4759117.606861 224497.860816 2009673.418512 1598636.455303 1884.582174
9.928000e+03 60.201814 34834.255499 26875.389380 0.000000 289927.449526 315623.042565 4024.319529 50304.188362 44398.678986 1568.572107 18965.333061 3172.526440 181460.242243 1514237.384788 1461510.511257 0.000000 188167.767392 92279.004605 0.000000 0.000000 246231.498707 25526289.322486 342649.154465 0.000000 0.000000 526383.317679 379711.657636 4202884.802403 5207331.365905 190380.638208 2009673.418512 1783724.917857 2051.418465
1.000100e+04 60.376944 34511.427787 26875.389380 0.000000 289927.449526 315623.042565 4024.319529 50304.188362 45429.231512 1572.792875 18965.333061 3172.526440 183184.242863 1537183.736193 1475625.699545 549430.553075 179579.325996 92279.004605 63087.814517 2229877.080196 256682.737383 25798840.414610 342649.154465 898171.856079 238082.070875 526383.317679 379711.657636 4202884.802403 5207331.365905 190380.638208 2009673.418512 1783724.917857 2051.418465
1.007400e+04 60.376944 34511.427787 26875.389380 0.000000 289927.449526 315623.042565 4070.124713 50304.188362 45429.231512 1572.792875 19209.182845 3173.602326 183184.242863 1537183.736193 1475625.699545 549430.553075 179579.325996 91845.978342 63087.814517 2229877.080196 256682.737383 25798840.414610 342649.154465 898171.856079 238082.070875 526383.317679 379711.657636 4202884.802403 5207331.365905 190380.638208 2009673.418512 1783724.917857 2051.418465
1.014700e+04 60.376944 34511.427787 26875.389380 0.000000 289927.449526 315623.042565 4070.124713 50304.188362 45429.231512 1572.792875 19209.182845 3173.602326 183184.242863 1537183.736193 1475625.699545 549430.553075 179579.325996 91845.978342 63087.814517 2229877.080196 256682.737383 25798840.414610 342649.154465 898171.856079 238082.070875 526383.317679 379711.657636 4202884.802403 5207331.365905 190380.638208 2009673.418512 1783724.917857 2051.418465
1.022000e+04 60.376944 34511.427787 26010.091779 0.000000 293006.730623 317623.963297 4070.124713 50304.188362 45429.231512 1572.792875 19209.182845 3173.602326 183184.242863 1537183.736193 1475625.699545 549430.553075 179579.325996 91845.978342 63087.814517 2229877.080196 256682.737383 25798840.414610 336406.315262 898171.856079 238082.070875 0.000000 379711.657636 4202884.802403 5207331.365905 190380.638208 2168729.537196 1783724.917857 2051.418465
1.029300e+04 60.376944 34511.427787 26010.091779 0.000000 293006.730623 317623.963297 4070.124713 49570.454355 45429.231512 1572.792875 19209.182845 3173.602326 183184.242863 1537183.736193 1475625.699545 0.000000 179579.325996 91845.978342 0.000000 0.000000 256682.737383 25798840.414610 336406.315262 0.000000 0.000000 502417.744874 382293.837227 4222909.807963 5805005.164807 197784.988451 2168729.537196 1664363.758104 2031.685078
1.036600e+04 60.600138 33843.383612 26010.091779 0.000000 293006.730623 317623.963297 4070.124713 49570.454355 46675.887292 1578.905178 19209.182845 3173.602326 184397.006035 1558326.939833 1489613.774094 564876.859919 173277.818111 91845.978342 63457.325849 2283367.151649 268103.589823 26479049.864605 336406.315262 870533.771036 236244.993418 502417.744874 382293.837227 4222909.807963 5805005.164807 197784.988451 2168729.537196 1664363.758104 2031.685078
1.043900e+04 60.600138 33843.383612 26010.091779 0.000000 293006.730623 317623.963297 4098.736764 49570.454355 46675.887292 1578.905178 19431.286141 3175.924654 184397.006035 1558326.939833 1489613.774094 564876.859919 173277.818111 91264.413690 63457.325849 2283367.151649 268103.589823 26479049.864605 336406.315262 870533.771036 236244.993418 502417.744874 382293.837227 4222909.807963 5805005.164807 197784.988451 2168729.537196 1664363.758104 2031.685078
1.051200e+04 60.600138 33843.383612 26010.091779 0.000000 293006.730623 317623.963297 4098.736764 49570.454355 46675.887292 1578.905178 19431.286141 3175.924654 184397.006035 1558326.939833 1489613.774094 564876.859919 173277.818111 91264.413690 63457.325849 2283367.151649 268103.589823 26479049.864605 336406.315262 870533.771036 236244.993418 502417.744874 382293.837227 4222909.807963 5805005.164807 197784.988451 2168729.537196 1664363.758104 2031.685078
1.058500e+04 60.600138 33843.383612 25260.617094 0.000000 293215.892960 317450.392988 4098.736764 49570.454355 46675.887292 1578.905178 19431.286141 3175.924654 184397.006035 1558326.939833 1489613.774094 564876.859919 173277.818111 91264.413690 63457.325849 2283367.151649 268103.589823 26479049.864605 333013.526185 870533.771036 236244.993418 0.000000 382293.837227 4222909.807963 5805005.164807 197784.988451 2221332.542936 1664363.758104 2031.685078
1.065800e+04 60.600138 33843.383612 25260.617094 0.000000 293215.892960 317450.392988 4098.736764 49064.845996 46675.887292 1578.905178 19431.286141 3175.924654 184397.006035 1558326.939833 1489613.774094 0.000000 173277.818111 91264.413690 0.000000 0.000000 268103.589823 26479049.864605 333013.526185 0.000000 0.000000 430247.153198 378201.984790 4235295.401534 6165676.308134 214543.449279 2221332.542936 1434623.243249 1957.266951
1.073100e+04 60.829754 32905.677669 25260.617094 0.000000 293215.892960 317450.392988 4098.736764 49064.845996 48328.088981 1584.954945 19431.286141 3175.924654 185079.947171 1580213.314118 1497399.565153 580155.765560 167315.962111 91264.413690 63819.431712 2334121.854815 280067.460489 27779421.759136 333013.526185 803046.724955 229040.862203 430247.153198 378201.984790 4235295.401534 6165676.308134 214543.449279 2221332.542936 1434623.243249 1957.266951
1.080400e+04 60.829754 32905.677669 25260.617094 0.000000 293215.892960 317450.392988 4118.929550 49064.845996 48328.088981 1584.954945 19632.724391 3179.354102 185079.947171 1580213.314118 1497399.565153 580155.765560 167315.962111 91173.210422 63819.431712 2334121.854815 280067.460489 27779421.759136 333013.526185 803046.724955 229040.862203 430247.153198 378201.984790 4235295.401534 6165676.308134 214543.449279 2221332.542936 1434623.243249 1957.266951
1.087700e+04 60.829754 32905.677669 25260.617094 0.000000 293215.892960 317450.392988 4118.929550 49064.845996 48328.088981 1584.954945 19632.724391 3179.354102 185079.947171 1580213.314118 1497399.565153 580155.765560 167315.962111 91173.210422 63819.431712 2334121.854815 280067.460489 27779421.759136 333013.526185 803046.724955 229040.862203 430247.153198 378201.984790 4235295.401534 6165676.308134 214543.449279 2221332.542936 1434623.243249 1957.266951
1.095000e+04 60.829754 32905.677669 24533.907201 0.000000 297033.652538 319967.249547 4118.929550 49064.845996 48328.088981 1584.954945 19632.724391 3179.354102 185079.947171 1580213.314118 1497399.565153 580155.765560 167315.962111 91173.210422 63819.431712 2334121.854815 280067.460489 27779421.759136 329566.277651 803046.724955 229040.862203 0.000000 378201.984790 4235295.401534 6165676.308134 214543.449279 2484141.959584 1434623.243249 1957.266951
1.102300e+04 60.829754 32905.677669 24533.907201 0.000000 297033.652538 319967.249547 4118.929550 48676.317094 48328.088981 1584.954945 19632.724391 3179.354102 185079.947171 1580213.314118 1497399.565153 0.000000 167315.962111 91173.210422 0.000000 0.000000 280067.460489 27779421.759136 329566.277651 0.000000 0.000000 405935.175158 374803.353932 4157832.837557 6555682.015565 228068.356643 2484141.959584 1309467.692908 2095.043013
1.109600e+04 61.104634 31837.960904 24533.907201 0.000000 297033.652538 319967.249547 4118.929550 48676.317094 48968.734098 1594.666974 19632.724391 3179.354102 186437.034123 1589305.354422 1501823.839574 593324.616554 162890.765481 91173.210422 64081.721304 2383862.219845 293353.734668 27105487.632691 329566.277651 830652.977049 254631.634542 405935.175158 374803.353932 4157832.837557 6555682.015565 228068.356643 2484141.959584 1309467.692908 2095.043013
1.116900e+04 61.104634 31837.960904 24533.907201 0.000000 297033.652538 319967.249547 4142.149628 48676.317094 48968.734098 1594.666974 19826.493794 3183.613216 186437.034123 1589305.354422 1501823.839574 593324.616554 162890.765481 91059.578081 64081.721304 2383862.219845 293353.734668 27105487.632691 329566.277651 830652.977049 254631.634542 405935.175158 374803.353932 4157832.837557 6555682.015565 228068.356643 2484141.959584 1309467.692908 2095.043013
1.124200e+04 61.104634 31837.960904 24533.907201 0.000000 297033.652538 319967.249547 4142.149628 48676.317094 48968.734098 1594.666974 19826.493794 3183.613216 186437.034123 1589305.354422 1501823.839574 593324.616554 162890.765481 91059.578081 64081.721304 2383862.219845 293353.734668 27105487.632691 329566.277651 830652.977049 254631.634542 405935.175158 374803.353932 4157832.837557 6555682.015565 228068.356643 2484141.959584 1309467.692908 2095.043013
1.131500e+04 61.104634 31837.960904 23939.235994 0.000000 300382.669541 321551.958408 4142.149628 48676.317094 48968.734098 1594.666974 19826.493794 3183.613216 186437.034123 1589305.354422 1501823.839574 593324.616554 162890.765481 91059.578081 64081.721304 2383862.219845 293353.734668 27105487.632691 327381.810111 830652.977049 254631.634542 0.000000 374803.353932 4157832.837557 6555682.015565 228068.356643 2577224.063973 1309467.692908 2095.043013
1.138800e+04 61.104634 31837.960904 23939.235994 0.000000 300382.669541 321551.958408 4142.149628 48517.706349 48968.734098 1594.666974 19826.493794 3183.613216 186437.034123 1589305.354422 1501823.839574 0.000000 162890.765481 91059.578081 0.000000 0.000000 293353.734668 27105487.632691 327381.810111 0.000000 0.000000 448160.266017 367835.551610 3979166.559897 7290885.535081 228292.340000 2577224.063973 1468484.799878 2403.169915
1.146100e+04 61.402943 30656.267435 23939.235994 0.000000 300382.669541 321551.958408 4142.149628 48517.706349 51147.026006 1604.282163 19826.493794 3183.613216 186906.639192 1595808.346444 1501627.195518 602785.018274 159477.770369 91059.578081 64252.839291 2433589.820019 306229.846436 28328310.412918 327381.810111 838884.962683 316792.101392 448160.266017 367835.551610 3979166.559897 7290885.535081 228292.340000 2577224.063973 1468484.799878 2403.169915
1.153400e+04 61.402943 30656.267435 23939.235994 0.000000 300382.669541 321551.958408 4161.735183 48517.706349 51147.026006 1604.282163 19999.956449 3188.813897 186906.639192 1595808.346444 1501627.195518 602785.018274 159477.770369 90304.735728 64252.839291 2433589.820019 306229.846436 28328310.412918 327381.810111 838884.962683 316792.101392 448160.266017 367835.551610 3979166.559897 7290885.535081 228292.340000 2577224.063973 1468484.799878 2403.169915
1.160700e+04 61.402943 30656.267435 23939.235994 0.000000 300382.669541 321551.958408 4161.735183 48517.706349 51147.026006 1604.282163 19999.956449 3188.813897 186906.639192 1595808.346444 1501627.195518 602785.018274 159477.770369 90304.735728 64252.839291 2433589.820019 306229.846436 28328310.412918 327381.810111 838884.962683 316792.101392 448160.266017 367835.551610 3979166.559897 7290885.535081 228292.340000 2577224.063973 1468484.799878 2403.169915
1.168000e+04 61.402943 30656.267435 23404.579066 0.000000 303747.527771 323147.844723 4161.735183 48517.706349 51147.026006 1604.282163 19999.956449 3188.813897 186906.639192 1595808.346444 1501627.195518 602785.018274 159477.770369 90304.735728 64252.839291 2433589.820019 306229.846436 28328310.412918 324919.905444 838884.962683 316792.101392 0.000000 367835.551610 3979166.559897 7290885.535081 228292.340000 2572587.978295 1468484.799878 2403.169915
1.175300e+04 61.402943 30656.267435 23404.579066 0.000000 303747.527771 323147.844723 4161.735183 48621.311587 51147.026006 1604.282163 19999.956449 3188.813897 186906.639192 1595808.346444 1501627.195518 0.000000 159477.770369 90304.735728 0.000000 0.000000 306229.846436 28328310.412918 324919.905444 0.000000 0.000000 457361.035600 363962.385377 3839376.186506 7515626.910541 200162.802134 2572587.978295 1744099.692490 2350.688286
1.182600e+04 61.698250 28923.653160 23404.579066 0.000000 303747.527771 323147.844723 4161.735183 48621.311587 51596.146281 1611.209980 19999.956449 3188.813897 187026.971479 1604448.835192 1488489.270865 608310.539314 156773.997759 90304.735728 64417.019114 2471739.648814 319044.965941 28391929.301065 324919.905444 772566.859124 579870.481660 457361.035600 363962.385377 3839376.186506 7515626.910541 200162.802134 2572587.978295 1744099.692490 2350.688286
1.189900e+04 61.698250 28923.653160 23404.579066 0.000000 303747.527771 323147.844723 4178.845308 48621.311587 51596.146281 1611.209980 20162.470724 3194.839168 187026.971479 1604448.835192 1488489.270865 608310.539314 156773.997759 89709.369872 64417.019114 2471739.648814 319044.965941 28391929.301065 324919.905444 772566.859124 579870.481660 457361.035600 363962.385377 3839376.186506 7515626.910541 200162.802134 2572587.978295 1744099.692490 2350.688286
1.197200e+04 61.698250 28923.653160 23404.579066 0.000000 303747.527771 323147.844723 4178.845308 48621.311587 51596.146281 1611.209980 20162.470724 3194.839168 187026.971479 1604448.835192 1488489.270865 608310.539314 156773.997759 89709.369872 64417.019114 2471739.648814 319044.965941 28391929.301065 324919.905444 772566.859124 579870.481660 457361.035600 363962.385377 3839376.186506 7515626.910541 200162.802134 2572587.978295 1744099.692490 2350.688286
1.204500e+04 61.698250 28923.653160 22911.182908 0.000000 306798.900867 324468.077630 4178.845308 48621.311587 51596.146281 1611.209980 20162.470724 3194.839168 187026.971479 1604448.835192 1488489.270865 608310.539314 156773.997759 89709.369872 64417.019114 2471739.648814 319044.965941 28391929.301065 322577.166234 772566.859124 579870.481660 0.000000 363962.385377 3839376.186506 7515626.910541 200162.802134 2383237.341038 1744099.692490 2350.688286
1.211800e+04 61.698250 28923.653160 22911.182908 0.000000 306798.900867 324468.077630 4178.845308 48589.403897 51596.146281 1611.209980 20162.470724 3194.839168 187026.971479 1604448.835192 1488489.270865 0.000000 156773.997759 89709.369872 0.000000 0.000000 319044.965941 28391929.301065 322577.166234 0.000000 0.000000 436801.547046 374682.799850 3750957.283699 7722846.096446 190048.283252 2383237.341038 1544338.358953 2229.395534
1.219100e+04 61.960899 27375.093888 22911.182908 0.000000 306798.900867 324468.077630 4178.845308 48589.403897 51318.344114 1616.236788 20162.470724 3194.839168 187752.837149 1609328.446006 1481362.083944 610373.852874 153805.646226 89709.369872 64505.128905 2504566.196637 331758.887061 30133629.963771 322577.166234 782626.444624 540302.051683 436801.547046 374682.799850 3750957.283699 7722846.096446 190048.283252 2383237.341038 1544338.358953 2229.395534
1.226400e+04 61.960899 27375.093888 22911.182908 0.000000 306798.900867 324468.077630 4192.627702 48589.403897 51318.344114 1616.236788 20309.535482 3201.387386 187752.837149 1609328.446006 1481362.083944 610373.852874 153805.646226 88451.776111 64505.128905 2504566.196637 331758.887061 30133629.963771 322577.166234 782626.444624 540302.051683 436801.547046 374682.799850 3750957.283699 7722846.096446 190048.283252 2383237.341038 1544338.358953 2229.395534
1.233700e+04 61.960899 27375.093888 22911.182908 0.000000 306798.900867 324468.077630 4192.627702 48589.403897 51318.344114 1616.236788 20309.535482 3201.387386 187752.837149 1609328.446006 1481362.083944 610373.852874 153805.646226 88451.776111 64505.128905 2504566.196637 331758.887061 30133629.963771 322577.166234 782626.444624 540302.051683 436801.547046 374682.799850 3750957.283699 7722846.096446 190048.283252 2383237.341038 1544338.358953 2229.395534
1.241000e+04 61.960899 27375.093888 22458.386158 0.000000 309538.825959 325572.816863 4192.627702 48589.403897 51318.344114 1616.236788 20309.535482 3201.387386 187752.837149 1609328.446006 1481362.083944 610373.852874 153805.646226 88451.776111 64505.128905 2504566.196637 331758.887061 30133629.963771 318167.634742 782626.444624 540302.051683 0.000000 374682.799850 3750957.283699 7722846.096446 190048.283252 2244255.247162 1544338.358953 2229.395534
1.248300e+04 61.960899 27375.093888 22458.386158 0.000000 309538.825959 325572.816863 4192.627702 48868.989213 51318.344114 1616.236788 20309.535482 3201.387386 187752.837149 1609328.446006 1481362.083944 0.000000 153805.646226 88451.776111 0.000000 0.000000 331758.887061 30133629.963771 318167.634742 0.000000 0.000000 394968.292184 402786.566186 3651371.875473 8501418.668043 211888.092800 2244255.247162 1430998.657397 2347.774161
1.255600e+04 62.224721 26011.997126 22458.386158 0.000000 309538.825959 325572.816863 4192.627702 48868.989213 51288.875530 1620.717160 20309.535482 3201.387386 188028.813524 1612404.515810 1466532.161104 608962.961488 150237.732524 88451.776111 64351.046667 2532414.240879 343234.047241 30929306.455651 318167.634742 710484.847482 560718.456557 394968.292184 402786.566186 3651371.875473 8501418.668043 211888.092800 2244255.247162 1430998.657397 2347.774161
1.262900e+04 62.224721 26011.997126 22458.386158 0.000000 309538.825959 325572.816863 4203.967790 48868.989213 51288.875530 1620.717160 20432.540519 3208.613297 188028.813524 1612404.515810 1466532.161104 608962.961488 150237.732524 87730.621277 64351.046667 2532414.240879 343234.047241 30929306.455651 318167.634742 710484.847482 560718.456557 394968.292184 402786.566186 3651371.875473 8501418.668043 211888.092800 2244255.247162 1430998.657397 2347.774161
1.270200e+04 62.224721 26011.997126 22458.386158 0.000000 309538.825959 325572.816863 4203.967790 48868.989213 51288.875530 1620.717160 20432.540519 3208.613297 188028.813524 1612404.515810 1466532.161104 608962.961488 150237.732524 87730.621277 64351.046667 2532414.240879 343234.047241 30929306.455651 318167.634742 710484.847482 560718.456557 394968.292184 402786.566186 3651371.875473 8501418.668043 211888.092800 2244255.247162 1430998.657397 2347.774161
1.277500e+04 62.224721 26011.997126 22036.891653 0.000000 312338.243835 326709.527872 4203.967790 48868.989213 51288.875530 1620.717160 20432.540519 3208.613297 188028.813524 1612404.515810 1466532.161104 608962.961488 150237.732524 87730.621277 64351.046667 2532414.240879 343234.047241 30929306.455651 319088.764879 710484.847482 560718.456557 0.000000 402786.566186 3651371.875473 8501418.668043 211888.092800 2077447.175919 1430998.657397 2347.774161
1.284800e+04 62.224721 26011.997126 22036.891653 0.000000 312338.243835 326709.527872 4203.967790 48911.906477 51288.875530 1620.717160 20432.540519 3208.613297 188028.813524 1612404.515810 1466532.161104 0.000000 150237.732524 87730.621277 0.000000 0.000000 343234.047241 30929306.455651 319088.764879 0.000000 0.000000 390850.996646 404797.213640 3648306.264267 8876118.649133 265734.197274 2077447.175919 3432574.751689 2637.442428
1.292100e+04 62.485497 24763.205472 22036.891653 0.000000 312338.243835 326709.527872 4203.967790 48911.906477 52214.190937 1623.998142 20432.540519 3208.613297 188407.852890 1622465.317273 1460958.239763 606564.556095 143104.478473 87730.621277 64527.904589 2562847.987941 354649.648945 30751526.344327 319088.764879 763565.668540 631089.352774 390850.996646 404797.213640 3648306.264267 8876118.649133 265734.197274 2077447.175919 3432574.751689 2637.442428
1.299400e+04 62.485497 24763.205472 22036.891653 0.000000 312338.243835 326709.527872 4216.356109 48911.906477 52214.190937 1623.998142 20543.214732 3216.049386 188407.852890 1622465.317273 1460958.239763 606564.556095 143104.478473 86793.305582 64527.904589 2562847.987941 354649.648945 30751526.344327 319088.764879 763565.668540 631089.352774 390850.996646 404797.213640 3648306.264267 8876118.649133 265734.197274 2077447.175919 3432574.751689 2637.442428
1.306700e+04 62.485497 24763.205472 22036.891653 0.000000 312338.243835 326709.527872 4216.356109 48911.906477 52214.190937 1623.998142 20543.214732 3216.049386 188407.852890 1622465.317273 1460958.239763 606564.556095 143104.478473 86793.305582 64527.904589 2562847.987941 354649.648945 30751526.344327 319088.764879 763565.668540 631089.352774 390850.996646 404797.213640 3648306.264267 8876118.649133 265734.197274 2077447.175919 3432574.751689 2637.442428
1.314000e+04 62.485497 24763.205472 21836.894644 0.000000 314479.136702 327761.807367 4216.356109 48911.906477 52214.190937 1623.998142 20543.214732 3216.049386 188407.852890 1622465.317273 1460958.239763 606564.556095 143104.478473 86793.305582 64527.904589 2562847.987941 354649.648945 30751526.344327 318888.433563 763565.668540 631089.352774 0.000000 404797.213640 3648306.264267 8876118.649133 265734.197274 2176848.599647 3432574.751689 2637.442428
1.321300e+04 62.485497 24763.205472 21836.894644 0.000000 314479.136702 327761.807367 4216.356109 48907.716024 52214.190937 1623.998142 20543.214732 3216.049386 188407.852890 1622465.317273 1460958.239763 0.000000 143104.478473 86793.305582 0.000000 0.000000 354649.648945 30751526.344327 318888.433563 0.000000 0.000000 409593.829730 422271.654241 3916690.194181 9276115.679232 295903.637790 2176848.599647 3362051.319693 2511.354901
1.328600e+04 62.733769 23779.288899 21836.894644 0.000000 314479.136702 327761.807367 4216.356109 48907.716024 51467.277628 1625.340773 20543.214732 3216.049386 188354.898056 1627936.760319 1459751.012412 603934.691370 144110.783633 86793.305582 64530.085400 2578807.964213 364154.358534 30875233.717134 318888.433563 749109.705303 984861.957928 409593.829730 422271.654241 3916690.194181 9276115.679232 295903.637790 2176848.599647 3362051.319693 2511.354901
1.335900e+04 62.733769 23779.288899 21836.894644 0.000000 314479.136702 327761.807367 4226.219162 48907.716024 51467.277628 1625.340773 20629.087335 3223.369616 188354.898056 1627936.760319 1459751.012412 603934.691370 144110.783633 86132.689059 64530.085400 2578807.964213 364154.358534 30875233.717134 318888.433563 749109.705303 984861.957928 409593.829730 422271.654241 3916690.194181 9276115.679232 295903.637790 2176848.599647 3362051.319693 2511.354901
1.343200e+04 62.733769 23779.288899 21836.894644 0.000000 314479.136702 327761.807367 4226.219162 48907.716024 51467.277628 1625.340773 20629.087335 3223.369616 188354.898056 1627936.760319 1459751.012412 603934.691370 144110.783633 86132.689059 64530.085400 2578807.964213 364154.358534 30875233.717134 318888.433563 749109.705303 984861.957928 409593.829730 422271.654241 3916690.194181 9276115.679232 295903.637790 2176848.599647 3362051.319693 2511.354901
1.350500e+04 62.733769 23779.288899 21547.542845 0.000000 316687.104238 328846.481568 4226.219162 48907.716024 51467.277628 1625.340773 20629.087335 3223.369616 188354.898056 1627936.760319 1459751.012412 603934.691370 144110.783633 86132.689059 64530.085400 2578807.964213 364154.358534 30875233.717134 315276.829352 749109.705303 984861.957928 0.000000 422271.654241 3916690.194181 9276115.679232 295903.637790 2299634.548769 3362051.319693 2511.354901
1.357800e+04 62.733769 23779.288899 21547.542845 0.000000 316687.104238 328846.481568 4226.219162 52784.825522 51467.277628 1625.340773 20629.087335 3223.369616 188354.898056 1627936.760319 1459751.012412 0.000000 144110.783633 86132.689059 0.000000 0.000000 364154.358534 30875233.717134 315276.829352 0.000000 0.000000 437564.513286 454237.739074 4077938.630084 9859303.609479 290533.827786 2299634.548769 2407644.225703 2366.396196
1.365100e+04 62.987282 22835.614058 21547.542845 0.000000 316687.104238 328846.481568 4226.219162 52784.825522 50600.650077 1628.865568 20629.087335 3223.369616 188687.904122 1631087.918441 1444886.611585 599874.951252 148428.203860 86132.689059 64243.328970 2593165.330877 372876.873167 33043739.112811 315276.829352 636641.861521 954346.617887 437564.513286 454237.739074 4077938.630084 9859303.609479 290533.827786 2299634.548769 2407644.225703 2366.396196
1.372400e+04 62.987282 22835.614058 21547.542845 0.000000 316687.104238 328846.481568 4240.231575 52784.825522 50600.650077 1628.865568 20706.702394 3230.663289 188687.904122 1631087.918441 1444886.611585 599874.951252 148428.203860 86046.486892 64243.328970 2593165.330877 372876.873167 33043739.112811 315276.829352 636641.861521 954346.617887 437564.513286 454237.739074 4077938.630084 9859303.609479 290533.827786 2299634.548769 2407644.225703 2366.396196
1.379700e+04 62.987282 22835.614058 21547.542845 0.000000 316687.104238 328846.481568 4240.231575 52784.825522 50600.650077 1628.865568 20706.702394 3230.663289 188687.904122 1631087.918441 1444886.611585 599874.951252 148428.203860 86046.486892 64243.328970 2593165.330877 372876.873167 33043739.112811 315276.829352 636641.861521 954346.617887 437564.513286 454237.739074 4077938.630084 9859303.609479 290533.827786 2299634.548769 2407644.225703 2366.396196
1.387000e+04 62.987282 22835.614058 21278.706622 0.000000 319016.930482 330001.510940 4240.231575 52784.825522 50600.650077 1628.865568 20706.702394 3230.663289 188687.904122 1631087.918441 1444886.611585 599874.951252 148428.203860 86046.486892 64243.328970 2593165.330877 372876.873167 33043739.112811 317242.759871 636641.861521 954346.617887 0.000000 454237.739074 4077938.630084 9859303.609479 290533.827786 2430708.439894 2407644.225703 2366.396196
1.394300e+04 62.987282 22835.614058 21278.706622 0.000000 319016.930482 330001.510940 4240.231575 53815.632953 50600.650077 1628.865568 20706.702394 3230.663289 188687.904122 1631087.918441 1444886.611585 0.000000 148428.203860 86046.486892 0.000000 0.000000 372876.873167 33043739.112811 317242.759871 0.000000 0.000000 461595.289270 455835.681242 4203251.497774 9854886.835228 292405.457227 2430708.439894 2213384.334288 2330.417473
1.401600e+04 63.266885 21931.225174 21278.706622 0.000000 319016.930482 330001.510940 4240.231575 53815.632953 50083.023696 1633.408067 20706.702394 3230.663289 189281.663199 1632831.557685 1435846.684957 594718.895462 150148.061900 86046.486892 64161.893177 2603513.389658 381347.136949 31663090.828870 317242.759871 628294.220874 937604.147171 461595.289270 455835.681242 4203251.497774 9854886.835228 292405.457227 2430708.439894 2213384.334288 2330.417473
1.408900e+04 63.266885 21931.225174 21278.706622 0.000000 319016.930482 330001.510940 4255.556859 53815.632953 50083.023696 1633.408067 20782.673892 3237.781741 189281.663199 1632831.557685 1435846.684957 594718.895462 150148.061900 85261.791847 64161.893177 2603513.389658 381347.136949 31663090.828870 317242.759871 628294.220874 937604.147171 461595.289270 455835.681242 4203251.497774 9854886.835228 292405.457227 2430708.439894 2213384.334288 2330.417473
1.416200e+04 63.266885 21931.225174 21278.706622 0.000000 319016.930482 330001.510940 4255.556859 53815.632953 50083.023696 1633.408067 20782.673892 3237.781741 189281.663199 1632831.557685 1435846.684957 594718.895462 150148.061900 85261.791847 64161.893177 2603513.389658 381347.136949 31663090.828870 317242.759871 628294.220874 937604.147171 461595.289270 455835.681242 4203251.497774 9854886.835228 292405.457227 2430708.439894 2213384.334288 2330.417473
1.423500e+04 63.266885 21931.225174 21082.550495 0.000000 321389.217194 331177.067919 4255.556859 53815.632953 50083.023696 1633.408067 20782.673892 3237.781741 189281.663199 1632831.557685 1435846.684957 594718.895462 150148.061900 85261.791847 64161.893177 2603513.389658 381347.136949 31663090.828870 315807.408953 628294.220874 937604.147171 0.000000 455835.681242 4203251.497774 9854886.835228 292405.457227 2527960.230725 2213384.334288 2330.417473
1.430800e+04 63.266885 21931.225174 21082.550495 0.000000 321389.217194 331177.067919 4255.556859 52236.183713 50083.023696 1633.408067 20782.673892 3237.781741 189281.663199 1632831.557685 1435846.684957 0.000000 150148.061900 85261.791847 0.000000 0.000000 381347.136949 31663090.828870 315807.408953 0.000000 0.000000 482778.208987 476074.880524 4334876.839656 9421988.068392 261020.385008 2527960.230725 3393964.631480 2480.728999
1.438100e+04 63.550319 21152.889007 21082.550495 0.000000 321389.217194 331177.067919 4255.556859 52236.183713 51554.012091 1639.868215 20782.673892 3237.781741 189764.934372 1629846.018726 1429108.712149 589341.101194 150103.421700 85261.791847 63975.151334 2619277.453481 388599.284116 32644287.342167 315807.408953 638493.912607 790074.169190 482778.208987 476074.880524 4334876.839656 9421988.068392 261020.385008 2527960.230725 3393964.631480 2480.728999
1.445400e+04 63.550319 21152.889007 21082.550495 0.000000 321389.217194 331177.067919 4271.299860 52236.183713 51554.012091 1639.868215 20851.920505 3244.076601 189764.934372 1629846.018726 1429108.712149 589341.101194 150103.421700 84756.267605 63975.151334 2619277.453481 388599.284116 32644287.342167 315807.408953 638493.912607 790074.169190 482778.208987 476074.880524 4334876.839656 9421988.068392 261020.385008 2527960.230725 3393964.631480 2480.728999
1.452700e+04 63.550319 21152.889007 21082.550495 0.000000 321389.217194 331177.067919 4271.299860 52236.183713 51554.012091 1639.868215 20851.920505 3244.076601 189764.934372 1629846.018726 1429108.712149 589341.101194 150103.421700 84756.267605 63975.151334 2619277.453481 388599.284116 32644287.342167 315807.408953 638493.912607 790074.169190 482778.208987 476074.880524 4334876.839656 9421988.068392 261020.385008 2527960.230725 3393964.631480 2480.728999
1.460000e+04 63.550319 21152.889007 20744.165564 0.000000 323485.837108 332141.639359 4271.299860 52236.183713 51554.012091 1639.868215 20851.920505 3244.076601 189764.934372 1629846.018726 1429108.712149 589341.101194 150103.421700 84756.267605 63975.151334 2619277.453481 388599.284116 32644287.342167 314735.730363 638493.912607 790074.169190 0.000000 476074.880524 4334876.839656 9421988.068392 261020.385008 2613441.399004 3393964.631480 2480.728999
1.467300e+04 63.550319 21152.889007 20744.165564 0.000000 323485.837108 332141.639359 4271.299860 52382.099201 51554.012091 1639.868215 20851.920505 3244.076601 189764.934372 1629846.018726 1429108.712149 0.000000 150103.421700 84756.267605 0.000000 0.000000 388599.284116 32644287.342167 314735.730363 0.000000 0.000000 511209.497010 495573.151702 4399300.425822 8717434.660411 234524.871406 2613441.399004 3842098.415563 3014.943335
1.474600e+04 63.804866 20635.993000 20744.165564 0.000000 323485.837108 332141.639359 4271.299860 52382.099201 52289.904911 1644.929353 20851.920505 3244.076601 189713.835823 1628491.887353 1425149.980458 583826.588194 151856.197204 84756.267605 63746.231771 2625198.466459 394819.370679 32867445.862947 314735.730363 573432.805491 648185.271614 511209.497010 495573.151702 4399300.425822 8717434.660411 234524.871406 2613441.399004 3842098.415563 3014.943335
1.481900e+04 63.804866 20635.993000 20744.165564 0.000000 323485.837108 332141.639359 4284.592789 52382.099201 52289.904911 1644.929353 20917.612893 3249.813795 189713.835823 1628491.887353 1425149.980458 583826.588194 151856.197204 85326.731959 63746.231771 2625198.466459 394819.370679 32867445.862947 314735.730363 573432.805491 648185.271614 511209.497010 495573.151702 4399300.425822 8717434.660411 234524.871406 2613441.399004 3842098.415563 3014.943335
1.489200e+04 63.804866 20635.993000 20744.165564 0.000000 323485.837108 332141.639359 4284.592789 52382.099201 52289.904911 1644.929353 20917.612893 3249.813795 189713.835823 1628491.887353 1425149.980458 583826.588194 151856.197204 85326.731959 63746.231771 2625198.466459 394819.370679 32867445.862947 314735.730363 573432.805491 648185.271614 511209.497010 495573.151702 4399300.425822 8717434.660411 234524.871406 2613441.399004 3842098.415563 3014.943335
1.496500e+04 63.804866 20635.993000 20420.435656 0.000000 325611.603522 332845.881980 4284.592789 52382.099201 52289.904911 1644.929353 20917.612893 3249.813795 189713.835823 1628491.887353 1425149.980458 583826.588194 151856.197204 85326.731959 63746.231771 2625198.466459 394819.370679 32867445.862947 317104.912376 573432.805491 648185.271614 0.000000 495573.151702 4399300.425822 8717434.660411 234524.871406 2631892.742258 3842098.415563 3014.943335
1.503800e+04 63.804866 20635.993000 20420.435656 0.000000 325611.603522 332845.881980 4284.592789 51379.948272 52289.904911 1644.929353 20917.612893 3249.813795 189713.835823 1628491.887353 1425149.980458 0.000000 151856.197204 85326.731959 0.000000 0.000000 394819.370679 32867445.862947 317104.912376 0.000000 0.000000 554706.863246 490757.001667 4362987.580683 8116870.017348 214803.750307 2631892.742258 2985500.729066 3059.143621
1.511100e+04 64.022311 19802.935785 20420.435656 0.000000 325611.603522 332845.881980 4284.592789 51379.948272 51849.841320 1649.245507 20917.612893 3249.813795 190108.397134 1623488.182066 1422122.856841 580410.239399 150269.481785 85326.731959 63981.985971 2635890.038741 402012.039672 32725340.071958 317104.912376 619022.223712 516652.188107 554706.863246 490757.001667 4362987.580683 8116870.017348 214803.750307 2631892.742258 2985500.729066 3059.143621
1.518400e+04 64.022311 19802.935785 20420.435656 0.000000 325611.603522 332845.881980 4294.557020 51379.948272 51849.841320 1649.245507 20967.864209 3254.659190 190108.397134 1623488.182066 1422122.856841 580410.239399 150269.481785 85386.226120 63981.985971 2635890.038741 402012.039672 32725340.071958 317104.912376 619022.223712 516652.188107 554706.863246 490757.001667 4362987.580683 8116870.017348 214803.750307 2631892.742258 2985500.729066 3059.143621
1.525700e+04 64.022311 19802.935785 20420.435656 0.000000 325611.603522 332845.881980 4294.557020 51379.948272 51849.841320 1649.245507 20967.864209 3254.659190 190108.397134 1623488.182066 1422122.856841 580410.239399 150269.481785 85386.226120 63981.985971 2635890.038741 402012.039672 32725340.071958 317104.912376 619022.223712 516652.188107 554706.863246 490757.001667 4362987.580683 8116870.017348 214803.750307 2631892.742258 2985500.729066 3059.143621
1.533000e+04 64.022311 19802.935785 20190.193418 0.000000 328110.491741 333163.501470 4294.557020 51379.948272 51849.841320 1649.245507 20967.864209 3254.659190 190108.397134 1623488.182066 1422122.856841 580410.239399 150269.481785 85386.226120 63981.985971 2635890.038741 402012.039672 32725340.071958 319101.807249 619022.223712 516652.188107 0.000000 490757.001667 4362987.580683 8116870.017348 214803.750307 2743881.694262 2985500.729066 3059.143621
1.540300e+04 64.022311 19802.935785 20190.193418 0.000000 328110.491741 333163.501470 4294.557020 51216.062149 51849.841320 1649.245507 20967.864209 3254.659190 190108.397134 1623488.182066 1422122.856841 0.000000 150269.481785 85386.226120 0.000000 0.000000 402012.039672 32725340.071958 319101.807249 0.000000 0.000000 640029.350800 499863.720716 4471204.181377 7726916.481779 192948.064962 2743881.694262 2453597.959623 3011.482420
1.547600e+04 64.206801 19334.590179 20190.193418 0.000000 328110.491741 333163.501470 4294.557020 51216.062149 52135.509428 1651.873609 20967.864209 3254.659190 190371.386964 1620026.729332 1431248.893492 579068.497186 147901.920891 85386.226120 64200.571258 2649737.976427 408667.192927 32021489.366330 319101.807249 646801.620134 471354.966671 640029.350800 499863.720716 4471204.181377 7726916.481779 192948.064962 2743881.694262 2453597.959623 3011.482420
1.554900e+04 64.206801 19334.590179 20190.193418 0.000000 328110.491741 333163.501470 4302.076944 51216.062149 52135.509428 1651.873609 21008.508063 3258.320406 190371.386964 1620026.729332 1431248.893492 579068.497186 147901.920891 85876.628271 64200.571258 2649737.976427 408667.192927 32021489.366330 319101.807249 646801.620134 471354.966671 640029.350800 499863.720716 4471204.181377 7726916.481779 192948.064962 2743881.694262 2453597.959623 3011.482420
1.562200e+04 64.206801 19334.590179 20190.193418 0.000000 328110.491741 333163.501470 4302.076944 51216.062149 52135.509428 1651.873609 21008.508063 3258.320406 190371.386964 1620026.729332 1431248.893492 579068.497186 147901.920891 85876.628271 64200.571258 2649737.976427 408667.192927 32021489.366330 319101.807249 646801.620134 471354.966671 640029.350800 499863.720716 4471204.181377 7726916.481779 192948.064962 2743881.694262 2453597.959623 3011.482420
1.569500e+04 64.206801 19334.590179 20138.059666 0.000000 331595.334661 333179.726570 4302.076944 51216.062149 52135.509428 1651.873609 21008.508063 3258.320406 190371.386964 1620026.729332 1431248.893492 579068.497186 147901.920891 85876.628271 64200.571258 2649737.976427 408667.192927 32021489.366330 321032.658899 646801.620134 471354.966671 0.000000 499863.720716 4471204.181377 7726916.481779 192948.064962 2701343.145821 2453597.959623 3011.482420
1.576800e+04 64.206801 19334.590179 20138.059666 0.000000 331595.334661 333179.726570 4302.076944 50833.198242 52135.509428 1651.873609 21008.508063 3258.320406 190371.386964 1620026.729332 1431248.893492 0.000000 147901.920891 85876.628271 0.000000 0.000000 408667.192927 32021489.366330 321032.658899 0.000000 0.000000 733728.479437 503883.587349 4382134.704241 7575894.200756 186664.516218 2701343.145821 3236517.433986 3206.559587
1.584100e+04 64.397383 19057.961281 20138.059666 0.000000 331595.334661 333179.726570 4302.076944 50833.198242 51511.163579 1655.245991 21008.508063 3258.320406 190719.202497 1616383.383649 1429640.782300 578072.443328 142691.389283 85876.628271 64327.362733 2658861.237352 414937.919158 30658966.603171 321032.658899 639566.486999 391770.525757 733728.479437 503883.587349 4382134.704241 7575894.200756 186664.516218 2701343.145821 3236517.433986 3206.559587
1.591400e+04 64.397383 19057.961281 20138.059666 0.000000 331595.334661 333179.726570 4311.473172 50833.198242 51511.163579 1655.245991 21048.114842 3261.496366 190719.202497 1616383.383649 1429640.782300 578072.443328 142691.389283 86302.420314 64327.362733 2658861.237352 414937.919158 30658966.603171 321032.658899 639566.486999 391770.525757 733728.479437 503883.587349 4382134.704241 7575894.200756 186664.516218 2701343.145821 3236517.433986 3206.559587
1.598700e+04 64.397383 19057.961281 20138.059666 0.000000 331595.334661 333179.726570 4311.473172 50833.198242 51511.163579 1655.245991 21048.114842 3261.496366 190719.202497 1616383.383649 1429640.782300 578072.443328 142691.389283 86302.420314 64327.362733 2658861.237352 414937.919158 30658966.603171 321032.658899 639566.486999 391770.525757 733728.479437 503883.587349 4382134.704241 7575894.200756 186664.516218 2701343.145821 3236517.433986 3206.559587
1.605900e+04 64.397383 19057.961281 19877.754200 0.000000 335117.355826 333230.668393 4311.473172 50833.198242 51511.163579 1655.245991 21048.114842 3261.496366 190719.202497 1616383.383649 1429640.782300 578072.443328 142691.389283 86302.420314 64327.362733 2658861.237352 414937.919158 30658966.603171 319479.537895 639566.486999 391770.525757 0.000000 503883.587349 4382134.704241 7575894.200756 186664.516218 2729804.077657 3236517.433986 3206.559587
