Time SWH_DEN SWH_SN SWH_RN SWH_Biomass HWH_DEN HWH_SN HWH_RN HWH_Biomass MWH_DEN MWH_SN MWH_RN MWH_Biomass FWH_DEN FWH_SN FWH_RN FWH_Biomass HOS_DEN HOS_SN HOS_RN HOS_Biomass PEL_DEN PEL_SN PEL_RN PEL_Biomass MAC_DEN MAC_SN MAC_RN MAC_Biomass BWH_DEN BWH_SN BWH_RN BWH_Biomass
0.000000e+00 1.824000e+01 8.171113e+07 2.165345e+08 6.201600e+02 6.000000e+00 6.729152e+07 1.783225e+08 1.680000e+02 0.000000e+00 0.000000e+00 0.000000e+00 0.000000e+00 0.000000e+00 0.000000e+00 0.000000e+00 0.000000e+00 7.400701e+04 6.391954e+05 1.693868e+06 1.968359e+04 6.449188e+05 2.407161e+04 6.378977e+04 6.459635e+03 0.000000e+00 0.000000e+00 0.000000e+00 0.000000e+00 9.270990e+09 2.702590e+02 8.381436e+02 1.171463e+06
7.300000e+01 1.823919e+01 8.199891e+07 2.172971e+08 6.223166e+02 3.565282e+03 5.786476e+07 1.533165e+08 8.583295e+04 7.646661e+04 1.053089e+07 2.790686e+07 3.350693e+05 6.995675e+03 1.643321e+08 4.354801e+08 4.783544e+05 7.700360e+04 6.410114e+05 1.698680e+06 2.053877e+04 6.447645e+05 2.618660e+04 6.939448e+04 7.025510e+03 1.920000e-13 7.110604e+02 1.884310e+03 5.680747e-17 8.580898e+08 1.970524e+02 4.789775e+02 6.613075e+04
1.460000e+02 5.174157e+03 8.089291e+07 2.143662e+08 1.741598e+05 5.643292e+03 5.335333e+07 1.413733e+08 1.252745e+05 1.065397e+05 1.104752e+07 2.927593e+07 4.897495e+05 9.704496e+03 1.702531e+08 4.511707e+08 6.874890e+05 8.740912e+04 6.258649e+05 1.550329e+06 2.168499e+04 1.853334e+08 6.540395e+02 1.658410e+03 4.885746e+04 1.920000e-13 6.572103e+02 1.204095e+03 4.074026e-17 9.209800e+09 3.070808e+02 6.580675e+02 1.013326e+06
2.190000e+02 5.124719e+03 8.134099e+07 2.155536e+08 1.734512e+05 5.643292e+03 5.374231e+07 1.424063e+08 1.261893e+05 1.060449e+05 1.149992e+07 3.047478e+07 5.074369e+05 9.655095e+03 1.750739e+08 4.639459e+08 7.033569e+05 8.531615e+04 6.677400e+05 1.686270e+06 2.289520e+04 1.149503e+08 8.196350e+02 2.098120e+03 3.823523e+04 7.487125e+10 1.485159e+02 3.931524e+02 4.623314e+06 9.189882e+09 3.288421e+02 7.801818e+02 1.161865e+06
2.920000e+02 5.080059e+03 8.185294e+07 2.169103e+08 1.730218e+05 5.643292e+03 5.414925e+07 1.434865e+08 1.271460e+05 1.037861e+05 1.199555e+07 3.178821e+07 5.180325e+05 9.564287e+03 1.806888e+08 4.788253e+08 7.190872e+05 8.381677e+04 7.119263e+05 1.824526e+06 2.423608e+04 8.348517e+07 9.962046e+02 2.588387e+03 3.411567e+04 1.920000e-13 1.264909e+03 3.352007e+03 1.010551e-16 9.169469e+09 3.583157e+02 9.047695e+02 1.320328e+06
3.650000e+02 4.612605e+02 8.453967e+07 2.014170e+08 1.503666e+04 1.920000e-13 7.005537e+07 1.856388e+08 5.596634e-12 1.920000e-13 1.264112e+07 3.064044e+07 9.473467e-13 1.920000e-13 1.853718e+08 4.471448e+08 1.384452e-11 8.207975e+04 7.606960e+05 1.970488e+06 2.555594e+04 6.572161e+07 1.185587e+03 3.115596e+03 3.222559e+04 1.920000e-13 1.264909e+03 3.352007e+03 1.010551e-16 1.154605e+10 3.395910e+02 8.834284e+02 1.609799e+06
4.380000e+02 4.611839e+02 8.458124e+07 2.029527e+08 1.511709e+04 3.739377e+03 5.432530e+07 1.439543e+08 8.452440e+04 7.180829e+04 1.239345e+07 3.020047e+07 3.486800e+05 6.552795e+03 1.845612e+08 4.477943e+08 4.723813e+05 8.431945e+04 7.721093e+05 2.015956e+06 2.680005e+04 5.397207e+07 1.389083e+03 3.668474e+03 3.111822e+04 1.920000e-13 1.264909e+03 3.352007e+03 1.010551e-16 2.661398e+09 1.673418e+02 4.240196e+02 1.794187e+05
5.110000e+02 5.517563e+03 7.789093e+07 1.932560e+08 1.705520e+05 5.419344e+03 5.469012e+07 1.449222e+08 1.233215e+05 1.009897e+05 1.263750e+07 3.144983e+07 5.075700e+05 9.194538e+03 1.872409e+08 4.603351e+08 6.787745e+05 9.335581e+04 7.524187e+05 1.862250e+06 2.782677e+04 2.789942e+08 7.783696e+02 2.002058e+03 8.843246e+04 1.920000e-13 1.173591e+03 2.147116e+03 7.268363e-17 1.138938e+10 3.643406e+02 6.660668e+02 1.337870e+06
5.840000e+02 5.382087e+03 7.886586e+07 1.964075e+08 1.688962e+05 5.419344e+03 5.509197e+07 1.459881e+08 1.242283e+05 1.006887e+05 1.303299e+07 3.297513e+07 5.281046e+05 9.164964e+03 1.909967e+08 4.747359e+08 6.955614e+05 9.036532e+04 8.010661e+05 2.021722e+06 2.907936e+04 1.710925e+08 1.145354e+03 2.975269e+03 8.037089e+04 6.460319e+10 1.682427e+02 4.435096e+02 4.505411e+06 1.135887e+10 3.748576e+02 8.170394e+02 1.543401e+06
6.570000e+02 5.276119e+03 7.971101e+07 1.992960e+08 1.678165e+05 5.419344e+03 5.551013e+07 1.470970e+08 1.251717e+05 1.165636e+05 1.148246e+07 2.939754e+07 5.432236e+05 9.110109e+03 1.950534e+08 4.887697e+08 7.101861e+05 8.828197e+04 8.548113e+05 2.192146e+06 3.066502e+04 1.267597e+08 1.566479e+03 4.109989e+03 8.202843e+04 1.920000e-13 1.369220e+03 3.628331e+03 1.093864e-16 1.132717e+10 3.948620e+02 9.695933e+02 1.761918e+06
7.300000e+02 4.575536e+02 8.388261e+07 1.935451e+08 1.447094e+04 1.920000e-13 6.935019e+07 1.837735e+08 5.540372e-12 1.920000e-13 1.268914e+07 3.005522e+07 9.355886e-13 1.920000e-13 1.903792e+08 4.465187e+08 1.394042e-11 8.592589e+04 9.109044e+05 2.360208e+06 3.204235e+04 1.020614e+08 2.025408e+03 5.347141e+03 8.577958e+04 1.920000e-13 1.369220e+03 3.628331e+03 1.093864e-16 1.433020e+10 3.676282e+02 9.488572e+02 2.150668e+06
8.030000e+02 4.574801e+02 8.388274e+07 1.955728e+08 1.457437e+04 3.595181e+03 5.567752e+07 1.475411e+08 8.328928e+04 7.951018e+04 1.212053e+07 2.911923e+07 3.738038e+05 6.867922e+03 1.859384e+08 4.411703e+08 4.909905e+05 8.774690e+04 9.130710e+05 2.380883e+06 3.294990e+04 8.559898e+07 2.504961e+03 6.628727e+03 8.912912e+04 1.920000e-13 1.369220e+03 3.628331e+03 1.093864e-16 5.323223e+09 2.430227e+02 5.769648e+02 4.976073e+05
8.760000e+02 5.465047e+03 7.736452e+07 1.854246e+08 1.637216e+05 5.206884e+03 5.604095e+07 1.485047e+08 1.214152e+05 1.100232e+05 1.245885e+07 3.055732e+07 5.395364e+05 9.563957e+03 1.890054e+08 4.529998e+08 6.999726e+05 9.623219e+04 8.794553e+05 2.169328e+06 3.344659e+04 4.473614e+08 1.029323e+03 2.675869e+03 1.889618e+05 1.920000e-13 1.269980e+03 2.315028e+03 7.846863e-17 1.398478e+10 3.991608e+02 7.464268e+02 1.826371e+06
9.490000e+02 5.333921e+03 7.820378e+07 1.887655e+08 1.623352e+05 5.206884e+03 5.644377e+07 1.495726e+08 1.222882e+05 1.093935e+05 1.302268e+07 3.258094e+07 5.687162e+05 9.521658e+03 1.929990e+08 4.681553e+08 7.176625e+05 9.285275e+04 9.368922e+05 2.362725e+06 3.492715e+04 2.325412e+08 1.950231e+03 5.114962e+03 1.872961e+05 6.838872e+10 1.675219e+02 4.407841e+02 4.742545e+06 1.394430e+10 4.155668e+02 9.018221e+02 2.094187e+06
1.022000e+03 5.230933e+03 7.893075e+07 1.919288e+08 1.615207e+05 5.206884e+03 5.686172e+07 1.506805e+08 1.231939e+05 1.241865e+05 1.176103e+07 2.985330e+07 5.891448e+05 9.443814e+03 1.972981e+08 4.833602e+08 7.327932e+05 9.051415e+04 9.998393e+05 2.565215e+06 3.678642e+04 1.673883e+08 3.053686e+03 8.055228e+03 2.119832e+05 1.920000e-13 1.431170e+03 3.792214e+03 1.143294e-16 1.390078e+10 4.359675e+02 1.058051e+03 2.367554e+06
1.095000e+03 4.538855e+02 8.287520e+07 1.885385e+08 1.404374e+04 1.920000e-13 6.892935e+07 1.826599e+08 5.506786e-12 1.920000e-13 1.313977e+07 3.095534e+07 9.651539e-13 1.920000e-13 1.954030e+08 4.525399e+08 1.418217e-11 8.788427e+04 1.065588e+06 2.763065e+06 3.835854e+04 1.345623e+08 4.288068e+03 1.134535e+04 2.398182e+05 1.920000e-13 1.431170e+03 3.792214e+03 1.143294e-16 1.686332e+10 4.094049e+02 1.047755e+03 2.801271e+06
1.168000e+03 4.538148e+02 8.287508e+07 1.907290e+08 1.415488e+04 3.457249e+03 5.702509e+07 1.511138e+08 8.203301e+04 8.378960e+04 1.247239e+07 2.992139e+07 4.049460e+05 7.064697e+03 1.886847e+08 4.432150e+08 5.089165e+05 8.937572e+04 1.065493e+06 2.780342e+06 3.918457e+04 1.136363e+08 5.599308e+03 1.482976e+04 2.646492e+05 1.920000e-13 1.431170e+03 3.792214e+03 1.143294e-16 5.887146e+09 2.611394e+02 6.131013e+02 5.867332e+05
1.241000e+03 5.423659e+03 7.651960e+07 1.805584e+08 1.589506e+05 5.005214e+03 5.730743e+07 1.518622e+08 1.193510e+05 1.146590e+05 1.273069e+07 3.097646e+07 5.713017e+05 9.777520e+03 1.909539e+08 4.515529e+08 7.161620e+05 9.769963e+04 1.020752e+06 2.517565e+06 3.940891e+04 6.725263e+08 1.490698e+03 3.666474e+03 3.953901e+05 1.920000e-13 1.325705e+03 2.410788e+03 8.178435e-17 1.621346e+10 4.366842e+02 7.977835e+02 2.281709e+06
1.314000e+03 5.294047e+03 7.730213e+07 1.839650e+08 1.576803e+05 5.005214e+03 5.770569e+07 1.529178e+08 1.201806e+05 1.138009e+05 1.333448e+07 3.313659e+07 6.028830e+05 9.725268e+03 1.949460e+08 4.666914e+08 7.335445e+05 9.414294e+04 1.076726e+06 2.700153e+06 4.053458e+04 2.858483e+08 3.214043e+03 8.365469e+03 3.773382e+05 6.990545e+10 1.689880e+02 4.438698e+02 4.884000e+06 1.616873e+10 4.515301e+02 9.492683e+02 2.582001e+06
1.387000e+03 5.192174e+03 7.796342e+07 1.872469e+08 1.569800e+05 5.005214e+03 5.812870e+07 1.540389e+08 1.210617e+05 1.281117e+05 1.212267e+07 3.060939e+07 6.240905e+05 9.629684e+03 1.994322e+08 4.825481e+08 7.486670e+05 9.168635e+04 1.135724e+06 2.890287e+06 4.208085e+04 2.008134e+08 5.028479e+03 1.325779e+04 4.186225e+05 1.920000e-13 1.470759e+03 3.896645e+03 1.174817e-16 1.612082e+10 4.685632e+02 1.104925e+03 2.891715e+06
1.460000e+03 4.503160e+02 8.173366e+07 1.848805e+08 1.368691e+04 1.920000e-13 6.859482e+07 1.817742e+08 5.480077e-12 1.920000e-13 1.350268e+07 3.171387e+07 9.896999e-13 1.920000e-13 1.986644e+08 4.568465e+08 1.434782e-11 8.892820e+04 1.200517e+06 3.089565e+06 4.349205e+04 1.612637e+08 6.941957e+03 1.836813e+04 4.653022e+05 1.920000e-13 1.470759e+03 3.896645e+03 1.174817e-16 1.923194e+10 4.373677e+02 1.102790e+03 3.376705e+06
1.533000e+03 4.502479e+02 8.173350e+07 1.874726e+08 1.381788e+04 3.327411e+03 5.827294e+07 1.544213e+08 8.068020e+04 8.600390e+04 1.285100e+07 3.077027e+07 4.276824e+05 7.174047e+03 1.909800e+08 4.458409e+08 5.208185e+05 9.037401e+04 1.193150e+06 3.094799e+06 4.417719e+04 1.368504e+08 8.914050e+03 2.361016e+04 5.074083e+05 1.920000e-13 1.470759e+03 3.896645e+03 1.174817e-16 6.012044e+09 2.567370e+02 6.044140e+02 5.902097e+05
1.606000e+03 5.382768e+03 7.559548e+07 1.776052e+08 1.553729e+05 4.814875e+03 5.835486e+07 1.546384e+08 1.169111e+05 1.170979e+05 1.305084e+07 3.140731e+07 5.934793e+05 9.894379e+03 1.926595e+08 4.503608e+08 7.253007e+05 9.864430e+04 1.140432e+06 2.807401e+06 4.439515e+04 8.109269e+08 2.040083e+03 4.686360e+03 6.218305e+05 1.920000e-13 1.361515e+03 2.473112e+03 8.393231e-17 1.806530e+10 4.593206e+02 8.261073e+02 2.647268e+06
1.679000e+03 5.254752e+03 7.636732e+07 1.814493e+08 1.544429e+05 4.814875e+03 5.872146e+07 1.556100e+08 1.176456e+05 1.161292e+05 1.364694e+07 3.360164e+07 6.255109e+05 9.836428e+03 1.964489e+08 4.650000e+08 7.417176e+05 9.499680e+04 1.205572e+06 3.024648e+06 4.581174e+04 3.173324e+08 4.720741e+03 1.184730e+04 5.993636e+05 7.102810e+10 1.708308e+02 4.478630e+02 5.009690e+06 1.801346e+10 4.733884e+02 9.875182e+02 3.000022e+06
1.752000e+03 5.154035e+03 7.703550e+07 1.851287e+08 1.540372e+05 4.814875e+03 5.913453e+07 1.567048e+08 1.184733e+05 1.303365e+05 1.241236e+07 3.111182e+07 6.466979e+05 9.730719e+03 2.008370e+08 4.808785e+08 7.562283e+05 9.247932e+04 1.269613e+06 3.230117e+06 4.743905e+04 2.235363e+08 7.144441e+03 1.863260e+04 6.568799e+05 1.920000e-13 1.500176e+03 3.974000e+03 1.198188e-16 1.795963e+10 4.895038e+02 1.154254e+03 3.365426e+06
1.825000e+03 4.468356e+02 8.065384e+07 1.827224e+08 1.341619e+04 1.920000e-13 6.822265e+07 1.807883e+08 5.450352e-12 1.920000e-13 1.378044e+07 3.224032e+07 1.007302e-12 1.920000e-13 2.007421e+08 4.590003e+08 1.444044e-11 8.965455e+04 1.336440e+06 3.433721e+06 4.875400e+04 1.809863e+08 9.597381e+03 2.530428e+04 7.201063e+05 1.920000e-13 1.500176e+03 3.974000e+03 1.198188e-16 2.113430e+10 4.599319e+02 1.163201e+03 3.910630e+06
1.898000e+03 4.467697e+02 8.065364e+07 1.855454e+08 1.355798e+04 3.172523e+03 5.924879e+07 1.570076e+08 7.821294e+04 8.730648e+04 1.315279e+07 3.138386e+07 4.432705e+05 7.235669e+03 1.924613e+08 4.467527e+08 5.272661e+05 9.109242e+04 1.318990e+06 3.412709e+06 4.913650e+04 1.548882e+08 1.207695e+04 3.194593e+04 7.773234e+05 1.920000e-13 1.500176e+03 3.974000e+03 1.198188e-16 6.223120e+09 2.594732e+02 6.099872e+02 6.168262e+05
1.971000e+03 5.342767e+03 7.475479e+07 1.761844e+08 1.528409e+05 4.597246e+03 5.921895e+07 1.569286e+08 1.132799e+05 1.186087e+05 1.334226e+07 3.191284e+07 6.119118e+05 9.961870e+03 1.941570e+08 4.504580e+08 7.320590e+05 9.934581e+04 1.246128e+06 3.029686e+06 4.842539e+04 8.803619e+08 2.650905e+03 5.748268e+03 8.429515e+05 1.920000e-13 1.388578e+03 2.520723e+03 8.556678e-17 1.913092e+10 4.773149e+02 8.566211e+02 2.909215e+06
2.044000e+03 5.216325e+03 7.553129e+07 1.803387e+08 1.521559e+05 4.597246e+03 5.956280e+07 1.578399e+08 1.139377e+05 1.175857e+05 1.389375e+07 3.400419e+07 6.420609e+05 9.900941e+03 1.977474e+08 4.644008e+08 7.473714e+05 9.564422e+04 1.303963e+06 3.215726e+06 4.928017e+04 3.378380e+08 6.320363e+03 1.526884e+04 8.314767e+05 7.168958e+10 1.736000e+02 4.544009e+02 5.132408e+06 1.907453e+10 4.914268e+02 1.029650e+03 3.307576e+06
2.117000e+03 5.116745e+03 7.623396e+07 1.843446e+08 1.519978e+05 4.597246e+03 5.996518e+07 1.589062e+08 1.147074e+05 1.314080e+05 1.260283e+07 3.142888e+07 6.596176e+05 9.789929e+03 2.020381e+08 4.801120e+08 7.613149e+05 9.309046e+04 1.365986e+06 3.423837e+06 5.083111e+04 2.404568e+08 9.274388e+03 2.389070e+04 9.091240e+05 1.920000e-13 1.523476e+03 4.035272e+03 1.216699e-16 1.901600e+10 5.076726e+02 1.208752e+03 3.720907e+06
2.190000e+03 4.395477e+02 7.949680e+07 1.808922e+08 1.304769e+04 1.920000e-13 6.775241e+07 1.795424e+08 5.412788e-12 1.920000e-13 1.398979e+07 3.263226e+07 1.020463e-12 1.920000e-13 2.024622e+08 4.610811e+08 1.452364e-11 9.022594e+04 1.441595e+06 3.668994e+06 5.256628e+04 1.965503e+08 1.220527e+04 3.205362e+04 9.916973e+05 1.920000e-13 1.523476e+03 4.035272e+03 1.216699e-16 2.231073e+10 4.785634e+02 1.220319e+03 4.320976e+06
2.263000e+03 4.394852e+02 7.949713e+07 1.840074e+08 1.320192e+04 3.037518e+03 5.999933e+07 1.589968e+08 7.583333e+04 8.791907e+04 1.334161e+07 3.174377e+07 4.518805e+05 7.273902e+03 1.936293e+08 4.475327e+08 5.316674e+05 9.167474e+04 1.429647e+06 3.680584e+06 5.340662e+04 1.695925e+08 1.515041e+04 4.001899e+04 1.066620e+06 1.920000e-13 1.523476e+03 4.035272e+03 1.216699e-16 6.406621e+09 2.599927e+02 6.111285e+02 6.362276e+05
2.336000e+03 5.264718e+03 7.383822e+07 1.751491e+08 1.494367e+05 4.397718e+03 5.999025e+07 1.589727e+08 1.097748e+05 1.192925e+05 1.354066e+07 3.227997e+07 6.231305e+05 1.000560e+04 1.954264e+08 4.512425e+08 7.376155e+05 9.993459e+04 1.357014e+06 3.311954e+06 5.319142e+04 9.263535e+08 3.294360e+03 6.851623e+03 1.071459e+06 1.920000e-13 1.409726e+03 2.558310e+03 8.685236e-17 1.965691e+10 4.931186e+02 8.826248e+02 3.082887e+06
2.409000e+03 5.139918e+03 7.463739e+07 1.795335e+08 1.489316e+05 4.397718e+03 6.034411e+07 1.599105e+08 1.104224e+05 1.182397e+05 1.411999e+07 3.446368e+07 6.548748e+05 9.943080e+03 1.991705e+08 4.656026e+08 7.535277e+05 9.619670e+04 1.427833e+06 3.549777e+06 5.458658e+04 3.538494e+08 7.970398e+03 1.861695e+04 1.072503e+06 7.216958e+10 1.781072e+02 4.656794e+02 5.296646e+06 1.959646e+10 5.075151e+02 1.058529e+03 3.498538e+06
2.482000e+03 5.041563e+03 7.538315e+07 1.836406e+08 1.488708e+05 4.397718e+03 6.075468e+07 1.609986e+08 1.111737e+05 1.320672e+05 1.281593e+07 3.188379e+07 6.729840e+05 9.829223e+03 2.035692e+08 4.816593e+08 7.678201e+05 9.361890e+04 1.500588e+06 3.788754e+06 5.645079e+04 2.543857e+08 1.139334e+04 2.884786e+04 1.166994e+06 1.920000e-13 1.544342e+03 4.090087e+03 1.233264e-16 1.953477e+10 5.238373e+02 1.241407e+03 3.931134e+06
2.555000e+03 4.323721e+02 7.852562e+07 1.794677e+08 1.271660e+04 1.920000e-13 6.735296e+07 1.784840e+08 5.380879e-12 1.920000e-13 1.420843e+07 3.309597e+07 1.035399e-12 1.920000e-13 2.044052e+08 4.645455e+08 1.464199e-11 9.072829e+04 1.586137e+06 4.057642e+06 5.837374e+04 2.096501e+08 1.466740e+04 3.825980e+04 1.264966e+06 1.920000e-13 1.544342e+03 4.090087e+03 1.233264e-16 2.294880e+10 4.908975e+02 1.250145e+03 4.554852e+06
2.628000e+03 4.323127e+02 7.852704e+07 1.825844e+08 1.286852e+04 2.897117e+03 6.090470e+07 1.613961e+08 7.341958e+04 8.830908e+04 1.356190e+07 3.222917e+07 4.609895e+05 7.277884e+03 1.950976e+08 4.499116e+08 5.351505e+05 9.220510e+04 1.569507e+06 4.053266e+06 5.910312e+04 1.821352e+08 1.796164e+04 4.731190e+04 1.355302e+06 1.920000e-13 1.544342e+03 4.090087e+03 1.233264e-16 6.639120e+09 2.607193e+02 6.126971e+02 6.610537e+05
2.701000e+03 5.185579e+03 7.307993e+07 1.742198e+08 1.461927e+05 4.198189e+03 6.086153e+07 1.612817e+08 1.063163e+05 1.197485e+05 1.376472e+07 3.276918e+07 6.352495e+05 1.000506e+04 1.969613e+08 4.536850e+08 7.421123e+05 1.004906e+05 1.488080e+06 3.629242e+06 5.862371e+04 9.548936e+08 3.942200e+03 7.875224e+03 1.286420e+06 1.920000e-13 1.428638e+03 2.591875e+03 8.800099e-17 2.115937e+10 5.125601e+02 9.023948e+02 3.413109e+06
2.774000e+03 5.062978e+03 7.388205e+07 1.786374e+08 1.457491e+05 4.198189e+03 6.121236e+07 1.622115e+08 1.069292e+05 1.186796e+05 1.436461e+07 3.501066e+07 6.680216e+05 9.941622e+03 2.007874e+08 4.681983e+08 7.581916e+05 9.672155e+04 1.566832e+06 3.893197e+06 6.020368e+04 3.667890e+08 9.577091e+03 2.169586e+04 1.307645e+06 7.252585e+10 1.902001e+02 4.975620e+02 5.686381e+06 2.109221e+10 5.270499e+02 1.078819e+03 3.861330e+06
2.847000e+03 4.966214e+03 7.465820e+07 1.828057e+08 1.457628e+05 4.198189e+03 6.161866e+07 1.632882e+08 1.076390e+05 1.325243e+05 1.303759e+07 3.238784e+07 6.862769e+05 9.826118e+03 2.052437e+08 4.843861e+08 7.725077e+05 9.412349e+04 1.646967e+06 4.156697e+06 6.227377e+04 2.661908e+08 1.346073e+04 3.350823e+04 1.425308e+06 1.920000e-13 1.588006e+03 4.206482e+03 1.268297e-16 2.102743e+10 5.438379e+02 1.263592e+03 4.332638e+06
2.920000e+03 4.254536e+02 7.769534e+07 1.781437e+08 1.240863e+04 1.920000e-13 6.687809e+07 1.772257e+08 5.342943e-12 1.920000e-13 1.442448e+07 3.356932e+07 1.050488e-12 1.920000e-13 2.063817e+08 4.684652e+08 1.477105e-11 9.121130e+04 1.742159e+06 4.455460e+06 6.444339e+04 2.209458e+08 1.706489e+04 4.425870e+04 1.544608e+06 1.920000e-13 1.588006e+03 4.206482e+03 1.268297e-16 2.447680e+10 5.113664e+02 1.280698e+03 5.000496e+06
2.993000e+03 4.253970e+02 7.769884e+07 1.815211e+08 1.257094e+04 2.765700e+03 6.180905e+07 1.637927e+08 7.112993e+04 8.858868e+04 1.377766e+07 3.271563e+07 4.695409e+05 7.273819e+03 1.966642e+08 4.528597e+08 5.385952e+05 9.272388e+04 1.722773e+06 4.448178e+06 6.523017e+04 1.930576e+08 2.069935e+04 5.440463e+04 1.652931e+06 1.920000e-13 1.588006e+03 4.206482e+03 1.268297e-16 6.791531e+09 2.674208e+02 6.269205e+02 6.924300e+05
3.066000e+03 5.108087e+03 7.244339e+07 1.735318e+08 1.432368e+05 4.007609e+03 6.175435e+07 1.636478e+08 1.029789e+05 1.200906e+05 1.397437e+07 3.322885e+07 6.462277e+05 9.996333e+03 1.985585e+08 4.566402e+08 7.466526e+05 1.010438e+05 1.628177e+06 3.951868e+06 6.427648e+04 9.809906e+08 4.579687e+03 8.751858e+03 1.490906e+06 1.920000e-13 1.469336e+03 2.667096e+03 9.053821e-17 2.378524e+10 5.409693e+02 9.315007e+02 3.992628e+06
3.139000e+03 4.987847e+03 7.326959e+07 1.780853e+08 1.429241e+05 4.007609e+03 6.207855e+07 1.645069e+08 1.035195e+05 1.190126e+05 1.449652e+07 3.520816e+07 6.743649e+05 9.932453e+03 2.020981e+08 4.700056e+08 7.610227e+05 9.724488e+04 1.713244e+06 4.236582e+06 6.595927e+04 3.782097e+08 1.113537e+04 2.423126e+04 1.524864e+06 7.245151e+10 1.745388e+02 4.538016e+02 5.189761e+06 2.371131e+10 5.545486e+02 1.115339e+03 4.513855e+06
3.212000e+03 4.892772e+03 7.408272e+07 1.823194e+08 1.430150e+05 4.007609e+03 6.246445e+07 1.655296e+08 1.041631e+05 1.328751e+05 1.312149e+07 3.247284e+07 6.906519e+05 9.816157e+03 2.063521e+08 4.854863e+08 7.741962e+05 9.462778e+04 1.804344e+06 4.541711e+06 6.845850e+04 2.766257e+08 1.541216e+04 3.723911e+04 1.660375e+06 1.920000e-13 1.586099e+03 4.199084e+03 1.266261e-16 2.363957e+10 5.701825e+02 1.305705e+03 5.055351e+06
3.285000e+03 4.187591e+02 7.702719e+07 1.771651e+08 1.213477e+04 1.920000e-13 6.646044e+07 1.761190e+08 5.309578e-12 1.920000e-13 1.457168e+07 3.383993e+07 1.059633e-12 1.920000e-13 2.079755e+08 4.713618e+08 1.486933e-11 9.169557e+04 1.910125e+06 4.876234e+06 7.093981e+04 2.309609e+08 1.921071e+04 4.908567e+04 1.798213e+06 1.920000e-13 1.586099e+03 4.199084e+03 1.266261e-16 2.706527e+10 5.387083e+02 1.337912e+03 5.790200e+06
3.358000e+03 4.187051e+02 7.703244e+07 1.806177e+08 1.229825e+04 2.646114e+03 6.263319e+07 1.659768e+08 6.896179e+04 8.881032e+04 1.387386e+07 3.286616e+07 4.732136e+05 7.265434e+03 1.977568e+08 4.544995e+08 5.402374e+05 9.307044e+04 1.869196e+06 4.809311e+06 7.085916e+04 2.027717e+08 2.301901e+04 6.014403e+04 1.922394e+06 1.920000e-13 1.586099e+03 4.199084e+03 1.266261e-16 6.807218e+09 2.678798e+02 6.269766e+02 6.944290e+05
3.431000e+03 5.032644e+03 7.193723e+07 1.729608e+08 1.405032e+05 3.831512e+03 6.258988e+07 1.658620e+08 9.978604e+04 1.203725e+05 1.408983e+07 3.343273e+07 6.521269e+05 9.983170e+03 1.997447e+08 4.584733e+08 7.491057e+05 1.014295e+05 1.763229e+06 4.276566e+06 6.983789e+04 1.004825e+09 5.142463e+03 9.450107e+03 1.671580e+06 1.920000e-13 1.466283e+03 2.659328e+03 9.030139e-17 2.664430e+10 5.670083e+02 9.517980e+02 4.613298e+06
3.504000e+03 4.914777e+03 7.277519e+07 1.775392e+08 1.402473e+05 3.831512e+03 6.294065e+07 1.667916e+08 1.003453e+05 1.192890e+05 1.468789e+07 3.567613e+07 6.848973e+05 9.919104e+03 2.036223e+08 4.729681e+08 7.650735e+05 9.760152e+04 1.849116e+06 4.554934e+06 7.125514e+04 3.884277e+08 1.252335e+04 2.642976e+04 1.724873e+06 7.321354e+10 1.761148e+02 4.580911e+02 5.293300e+06 2.656101e+10 5.786107e+02 1.139900e+03 5.203573e+06
3.577000e+03 4.821401e+03 7.361053e+07 1.817991e+08 1.403833e+05 3.831512e+03 6.334360e+07 1.678594e+08 1.009877e+05 1.331736e+05 1.332403e+07 3.299049e+07 7.031373e+05 9.802472e+03 2.081186e+08 4.891704e+08 7.792079e+05 9.496610e+04 1.926134e+06 4.801262e+06 7.283170e+04 2.859769e+08 1.713007e+04 4.057006e+04 1.881103e+06 1.920000e-13 1.583114e+03 4.191084e+03 1.263856e-16 2.647900e+10 5.916644e+02 1.334629e+03 5.814721e+06
3.650000e+03 4.122755e+02 7.647866e+07 1.762758e+08 1.187931e+04 1.920000e-13 6.623614e+07 1.755247e+08 5.291661e-12 1.920000e-13 1.477524e+07 3.431999e+07 1.074597e-12 1.920000e-13 2.100300e+08 4.758640e+08 1.501285e-11 9.201491e+04 2.010371e+06 5.061820e+06 7.418515e+04 2.399554e+08 2.108888e+04 5.349735e+04 2.040300e+06 1.920000e-13 1.583114e+03 4.191084e+03 1.263856e-16 3.000884e+10 5.591835e+02 1.379522e+03 6.632328e+06
3.723000e+03 4.122239e+02 7.648437e+07 1.797420e+08 1.204098e+04 2.519801e+03 6.346911e+07 1.681920e+08 6.654635e+04 8.900280e+04 1.407391e+07 3.334137e+07 4.810905e+05 7.254687e+03 1.994019e+08 4.579261e+08 5.436328e+05 9.341651e+04 1.951094e+06 4.951575e+06 7.350985e+04 2.115155e+08 2.516115e+04 6.561194e+04 2.188791e+06 1.920000e-13 1.583114e+03 4.191084e+03 1.263856e-16 6.893140e+09 2.604019e+02 6.121636e+02 6.856777e+05
3.796000e+03 4.959374e+03 7.150906e+07 1.723418e+08 1.378656e+05 3.650676e+03 6.342423e+07 1.680731e+08 9.634387e+04 1.206237e+05 1.428555e+07 3.382896e+07 6.616277e+05 9.967565e+03 2.013453e+08 4.609472e+08 7.525646e+05 1.017923e+05 1.825518e+06 4.352754e+06 7.169467e+04 1.017280e+09 5.124854e+03 9.424594e+03 1.687298e+06 1.920000e-13 1.462129e+03 2.650543e+03 9.001816e-17 2.768758e+10 5.765567e+02 9.627745e+02 4.858721e+06
3.869000e+03 4.843816e+03 7.234751e+07 1.769058e+08 1.376364e+05 3.650676e+03 6.377224e+07 1.689954e+08 9.687253e+04 1.195363e+05 1.487697e+07 3.605252e+07 6.940233e+05 9.903451e+03 2.052072e+08 4.751996e+08 7.681747e+05 9.794329e+04 1.914867e+06 4.654401e+06 7.334939e+04 3.897462e+08 1.258956e+04 2.661501e+04 1.741900e+06 7.329013e+10 1.798610e+02 4.679574e+02 5.412570e+06 2.760178e+10 5.884530e+02 1.161484e+03 5.506356e+06
3.942000e+03 4.752085e+03 7.319279e+07 1.811821e+08 1.378045e+05 3.650676e+03 6.417294e+07 1.700572e+08 9.748122e+04 1.332394e+05 1.348657e+07 3.332354e+07 7.110122e+05 9.786729e+03 2.096952e+08 4.913457e+08 7.821422e+05 9.529452e+04 1.997110e+06 4.931234e+06 7.526658e+04 2.867246e+08 1.723251e+04 4.084881e+04 1.898481e+06 1.920000e-13 1.587084e+03 4.201846e+03 1.267081e-16 2.751559e+10 6.015856e+02 1.358850e+03 6.149449e+06
4.015000e+03 4.053133e+02 7.595192e+07 1.753298e+08 1.161065e+04 1.920000e-13 6.602410e+07 1.749628e+08 5.274721e-12 1.920000e-13 1.496624e+07 3.472032e+07 1.087539e-12 1.920000e-13 2.120081e+08 4.796364e+08 1.513871e-11 9.232940e+04 2.088440e+06 5.226003e+06 7.698854e+04 2.405399e+08 2.121726e+04 5.384376e+04 2.058290e+06 1.920000e-13 1.587084e+03 4.201846e+03 1.267081e-16 3.117255e+10 5.685879e+02 1.402320e+03 7.003958e+06
4.088000e+03 4.052643e+02 7.595831e+07 1.789082e+08 1.177487e+04 2.406324e+03 6.425114e+07 1.702645e+08 6.433255e+04 8.903623e+04 1.424521e+07 3.372404e+07 4.868942e+05 7.242730e+03 2.009241e+08 4.607221e+08 5.463023e+05 9.376207e+04 2.030762e+06 5.135897e+06 7.660353e+04 2.120203e+08 2.529997e+04 6.597391e+04 2.206119e+06 1.920000e-13 1.587084e+03 4.201846e+03 1.267081e-16 7.124337e+09 2.612234e+02 6.136543e+02 7.105532e+05
4.161000e+03 4.881322e+03 7.107311e+07 1.716335e+08 1.350591e+05 3.483731e+03 6.422317e+07 1.701903e+08 9.309624e+04 1.206539e+05 1.449295e+07 3.457150e+07 6.748592e+05 9.950710e+03 2.033703e+08 4.674183e+08 7.609298e+05 1.021620e+05 1.903638e+06 4.544670e+06 7.509997e+04 1.017625e+09 5.154952e+03 9.463825e+03 1.695913e+06 1.920000e-13 1.465935e+03 2.657280e+03 9.024893e-17 2.830289e+10 5.820276e+02 9.682602e+02 5.002050e+06
4.234000e+03 4.768033e+03 7.191394e+07 1.762069e+08 1.348675e+05 3.483731e+03 6.455527e+07 1.710704e+08 9.357766e+04 1.195638e+05 1.509516e+07 3.680601e+07 7.074269e+05 9.886619e+03 2.072880e+08 4.820301e+08 7.769129e+05 9.829330e+04 1.989140e+06 4.816619e+06 7.626149e+04 3.900957e+08 1.265753e+04 2.670794e+04 1.750618e+06 7.334787e+10 1.765323e+02 4.585546e+02 5.310379e+06 2.821343e+10 5.939378e+02 1.165263e+03 5.658171e+06
4.307000e+03 4.677930e+03 7.276668e+07 1.804840e+08 1.350545e+05 3.483731e+03 6.493440e+07 1.720751e+08 9.412723e+04 1.332606e+05 1.368646e+07 3.397284e+07 7.240264e+05 9.769937e+03 2.118231e+08 4.980050e+08 7.905871e+05 9.563213e+04 2.066893e+06 5.070805e+06 7.781563e+04 2.870517e+08 1.731235e+04 4.096958e+04 1.907212e+06 1.920000e-13 1.576628e+03 4.172781e+03 1.258430e-16 2.812462e+10 6.072078e+02 1.362411e+03 6.315006e+06
4.380000e+03 3.984359e+02 7.550203e+07 1.745113e+08 1.135603e+04 1.920000e-13 6.591045e+07 1.746617e+08 5.265643e-12 1.920000e-13 1.519511e+07 3.534081e+07 1.106130e-12 1.920000e-13 2.144675e+08 4.861905e+08 1.533600e-11 9.265412e+04 2.155863e+06 5.356639e+06 7.935132e+04 2.408478e+08 2.128598e+04 5.395391e+04 2.065835e+06 1.920000e-13 1.576628e+03 4.172781e+03 1.258430e-16 3.181697e+10 5.730728e+02 1.407181e+03 7.182645e+06
4.453000e+03 3.983892e+02 7.550406e+07 1.774147e+08 1.148665e+04 2.288323e+03 6.508544e+07 1.724754e+08 6.197222e+04 8.904739e+04 1.444856e+07 3.425947e+07 4.944548e+05 7.230159e+03 2.028860e+08 4.658044e+08 5.511601e+05 9.411897e+04 2.092049e+06 5.258159e+06 7.886452e+04 2.123111e+08 2.536407e+04 6.610930e+04 2.213973e+06 1.920000e-13 1.576628e+03 4.172781e+03 1.258430e-16 7.282993e+09 2.617039e+02 6.145175e+02 7.274926e+05
4.526000e+03 4.804185e+03 7.064489e+07 1.703003e+08 1.319601e+05 3.316370e+03 6.503385e+07 1.723387e+08 8.974252e+04 1.206642e+05 1.466038e+07 3.472046e+07 6.792689e+05 9.933237e+03 2.048458e+08 4.684840e+08 7.624712e+05 1.025464e+05 1.963187e+06 4.680495e+06 7.766655e+04 1.018132e+09 5.166667e+03 9.488869e+03 1.701024e+06 1.920000e-13 1.455414e+03 2.637814e+03 8.959259e-17 2.896655e+10 5.858254e+02 9.729881e+02 5.147494e+06
4.599000e+03 4.693176e+03 7.140087e+07 1.742880e+08 1.314490e+05 3.316370e+03 6.534442e+07 1.731617e+08 9.017109e+04 1.195731e+05 1.519595e+07 3.677860e+07 7.084826e+05 9.869211e+03 2.084491e+08 4.817585e+08 7.765457e+05 9.865784e+04 2.060084e+06 5.007902e+06 7.949359e+04 3.902781e+08 1.270340e+04 2.685627e+04 1.760077e+06 7.352614e+10 1.927918e+02 5.026595e+02 5.829259e+06 2.887596e+10 5.980767e+02 1.175181e+03 5.837315e+06
4.672000e+03 4.604714e+03 7.215190e+07 1.780980e+08 1.313656e+05 3.316370e+03 6.570179e+07 1.741088e+08 9.066424e+04 1.332719e+05 1.374767e+07 3.390958e+07 7.240562e+05 9.752642e+03 2.127757e+08 4.972697e+08 7.894294e+05 9.598419e+04 2.153574e+06 5.327907e+06 8.186384e+04 2.872111e+08 1.739695e+04 4.125933e+04 1.920528e+06 1.920000e-13 1.605940e+03 4.252796e+03 1.282360e-16 2.878461e+10 6.124469e+02 1.382508e+03 6.546336e+06
4.745000e+03 3.917909e+02 7.482181e+07 1.723564e+08 1.104001e+04 1.920000e-13 6.576573e+07 1.742782e+08 5.254082e-12 1.920000e-13 1.533199e+07 3.552804e+07 1.113224e-12 1.920000e-13 2.160706e+08 4.882461e+08 1.541608e-11 9.299324e+04 2.263060e+06 5.684877e+06 8.425791e+04 2.409960e+08 2.141756e+04 5.436753e+04 2.082085e+06 1.920000e-13 1.605940e+03 4.252796e+03 1.282360e-16 3.246220e+10 5.828077e+02 1.438902e+03 7.481724e+06
4.818000e+03 3.917464e+02 7.482338e+07 1.756356e+08 1.118527e+04 2.177580e+03 6.587340e+07 1.745635e+08 5.968707e+04 8.905426e+04 1.451720e+07 3.429183e+07 4.955184e+05 7.205855e+03 2.038301e+08 4.664028e+08 5.505745e+05 9.449156e+04 2.208375e+06 5.613415e+06 8.425662e+04 2.124509e+08 2.553038e+04 6.657918e+04 2.230838e+06 1.920000e-13 1.605940e+03 4.252796e+03 1.282360e-16 7.303583e+09 2.727689e+02 6.387533e+02 7.589411e+05
4.891000e+03 4.729299e+03 7.002313e+07 1.686100e+08 1.286567e+05 3.156088e+03 6.581288e+07 1.744031e+08 8.642829e+04 1.206723e+05 1.474798e+07 3.479682e+07 6.815699e+05 9.899279e+03 2.058990e+08 4.692957e+08 7.619692e+05 1.029486e+05 2.066228e+06 4.909905e+06 8.187284e+04 1.018289e+09 5.194009e+03 9.532109e+03 1.709481e+06 1.920000e-13 1.484114e+03 2.691976e+03 9.140626e-17 2.948149e+10 5.984536e+02 9.967579e+02 5.361329e+06
4.964000e+03 4.620532e+03 7.079545e+07 1.729101e+08 1.283696e+05 3.156088e+03 6.610764e+07 1.751843e+08 8.681539e+04 1.195809e+05 1.533007e+07 3.699117e+07 7.132548e+05 9.835362e+03 2.097475e+08 4.832402e+08 7.769995e+05 9.903944e+04 2.159563e+06 5.209267e+06 8.319774e+04 3.903488e+08 1.276292e+04 2.693715e+04 1.766643e+06 7.311313e+10 1.757549e+02 4.555893e+02 5.262188e+06 2.939184e+10 6.114892e+02 1.209818e+03 6.102598e+06
5.037000e+03 4.533684e+03 7.157491e+07 1.769329e+08 1.284388e+05 3.156088e+03 6.644742e+07 1.760847e+08 8.726162e+04 1.332857e+05 1.388358e+07 3.415673e+07 7.299519e+05 9.718984e+03 2.142453e+08 4.992164e+08 7.904900e+05 9.635289e+04 2.250992e+06 5.523853e+06 8.540069e+04 2.872743e+08 1.745963e+04 4.133105e+04 1.925352e+06 1.920000e-13 1.575018e+03 4.165800e+03 1.256550e-16 2.930320e+10 6.265249e+02 1.422651e+03 6.845403e+06
5.110000e+03 3.853489e+02 7.421073e+07 1.711281e+08 1.077768e+04 1.920000e-13 6.567706e+07 1.740433e+08 5.246999e-12 1.920000e-13 1.549246e+07 3.584345e+07 1.123640e-12 1.920000e-13 2.179099e+08 4.915572e+08 1.552882e-11 9.334863e+04 2.354241e+06 5.860688e+06 8.742116e+04 2.410551e+08 2.146133e+04 5.439857e+04 2.084651e+06 1.920000e-13 1.575018e+03 4.165800e+03 1.256550e-16 3.305056e+10 5.960263e+02 1.473463e+03 7.797347e+06
5.183000e+03 3.853064e+02 7.421220e+07 1.743197e+08 1.091675e+04 2.078186e+03 6.657880e+07 1.764329e+08 5.757266e+04 8.906352e+04 1.465417e+07 3.456238e+07 4.997076e+05 7.180394e+03 2.052294e+08 4.687977e+08 5.517349e+05 9.488144e+04 2.265655e+06 5.682508e+06 8.597118e+04 2.125068e+08 2.550974e+04 6.646702e+04 2.228208e+06 1.920000e-13 1.575018e+03 4.165800e+03 1.256550e-16 7.357588e+09 2.733136e+02 6.377337e+02 7.641546e+05
5.256000e+03 4.656564e+03 6.949736e+07 1.674671e+08 1.257922e+05 3.009231e+03 6.652606e+07 1.762931e+08 8.329969e+04 1.206846e+05 1.488138e+07 3.504511e+07 6.868909e+05 9.864256e+03 2.073287e+08 4.717003e+08 7.635853e+05 1.033697e+05 2.108091e+06 4.955794e+06 8.324184e+04 1.018412e+09 5.183286e+03 9.494037e+03 1.704022e+06 1.920000e-13 1.453984e+03 2.635072e+03 8.950127e-17 3.000264e+10 6.066777e+02 9.968552e+02 5.484566e+06
5.329000e+03 4.549958e+03 7.024697e+07 1.716187e+08 1.254546e+05 3.009231e+03 6.678974e+07 1.769919e+08 8.362986e+04 1.195931e+05 1.539452e+07 3.699780e+07 7.142965e+05 9.800534e+03 2.109188e+08 4.846686e+08 7.771526e+05 9.943894e+04 2.196606e+06 5.229755e+06 8.418552e+04 3.903864e+08 1.273176e+04 2.679764e+04 1.759218e+06 7.384362e+10 1.884982e+02 4.908668e+02 5.719012e+06 2.990749e+10 6.178383e+02 1.190300e+03 6.164765e+06
5.402000e+03 4.464652e+03 7.100314e+07 1.755206e+08 1.254733e+05 3.009231e+03 6.709946e+07 1.778126e+08 8.401767e+04 1.333069e+05 1.391100e+07 3.408167e+07 7.293437e+05 9.684503e+03 2.152466e+08 5.000524e+08 7.897140e+05 9.673886e+04 2.281461e+06 5.522397e+06 8.606275e+04 2.873064e+08 1.740054e+04 4.107314e+04 1.915184e+06 1.920000e-13 1.593654e+03 4.219317e+03 1.272343e-16 2.981246e+10 6.300964e+02 1.386050e+03 6.852117e+06
5.475000e+03 3.790935e+02 7.359037e+07 1.696859e+08 1.051359e+04 1.920000e-13 6.565611e+07 1.739878e+08 5.245327e-12 1.920000e-13 1.559249e+07 3.598624e+07 1.128955e-12 1.920000e-13 2.194114e+08 4.940357e+08 1.561593e-11 9.372062e+04 2.375827e+06 5.832427e+06 8.769822e+04 2.410848e+08 2.135562e+04 5.402009e+04 2.071601e+06 1.920000e-13 1.593654e+03 4.219317e+03 1.272343e-16 3.357046e+10 5.922031e+02 1.435101e+03 7.758558e+06
5.548000e+03 3.790528e+02 7.359108e+07 1.727054e+08 1.064297e+04 1.975598e+03 6.714822e+07 1.779419e+08 5.519875e+04 8.907765e+04 1.468945e+07 3.455276e+07 5.000473e+05 7.154554e+03 2.062129e+08 4.701829e+08 5.516814e+05 9.528873e+04 2.293143e+06 5.698558e+06 8.681318e+04 2.125347e+08 2.537750e+04 6.607617e+04 2.215827e+06 1.920000e-13 1.593654e+03 4.219317e+03 1.272343e-16 7.432397e+09 2.594434e+02 6.098633e+02 7.365578e+05
5.621000e+03 4.585817e+03 6.894023e+07 1.660000e+08 1.228228e+05 2.861267e+03 6.710452e+07 1.778261e+08 7.989256e+04 1.207036e+05 1.493773e+07 3.509442e+07 6.884531e+05 9.828940e+03 2.084097e+08 4.733163e+08 7.638734e+05 1.038100e+05 2.136210e+06 5.004902e+06 8.451032e+04 1.018328e+09 5.156414e+03 9.436772e+03 1.694114e+06 1.920000e-13 1.472003e+03 2.669112e+03 9.064074e-17 3.041939e+10 6.018785e+02 9.879690e+02 5.513291e+06
5.694000e+03 4.481336e+03 6.965456e+07 1.699610e+08 1.224130e+05 2.861267e+03 6.736618e+07 1.785195e+08 8.020408e+04 1.196119e+05 1.553079e+07 3.732639e+07 7.207476e+05 9.765449e+03 2.123478e+08 4.875025e+08 7.791162e+05 9.985662e+04 2.225196e+06 5.277487e+06 8.540796e+04 3.903978e+08 1.264754e+04 2.655650e+04 1.744790e+06 7.327889e+10 1.734635e+02 4.494044e+02 5.203310e+06 3.032067e+10 6.132128e+02 1.182873e+03 6.208271e+06
5.767000e+03 4.397569e+03 7.037257e+07 1.737025e+08 1.223604e+05 2.861267e+03 6.766375e+07 1.793081e+08 8.055837e+04 1.331327e+05 1.406537e+07 3.448158e+07 7.368035e+05 9.649827e+03 2.169275e+08 5.037005e+08 7.927487e+05 9.714241e+04 2.308047e+06 5.559215e+06 8.712391e+04 2.873215e+08 1.728287e+04 4.073516e+04 1.900360e+06 1.920000e-13 1.577485e+03 4.173957e+03 1.258876e-16 3.022645e+10 6.256717e+02 1.379648e+03 6.909960e+06
5.840000e+03 3.724462e+02 7.285763e+07 1.678261e+08 1.021916e+04 1.920000e-13 6.572290e+07 1.741649e+08 5.250663e-12 1.920000e-13 1.575741e+07 3.637564e+07 1.141088e-12 1.920000e-13 2.213720e+08 4.982406e+08 1.575088e-11 9.410964e+04 2.402179e+06 5.870042e+06 8.874851e+04 2.411002e+08 2.121925e+04 5.365003e+04 2.057814e+06 1.920000e-13 1.577485e+03 4.173957e+03 1.258876e-16 3.388533e+10 5.910342e+02 1.434773e+03 7.825544e+06
5.913000e+03 3.724074e+02 7.285809e+07 1.708706e+08 1.034737e+04 1.881349e+03 6.768629e+07 1.793678e+08 5.298661e+04 8.895530e+04 1.484567e+07 3.493099e+07 5.047804e+05 7.128683e+03 2.078005e+08 4.736293e+08 5.537774e+05 9.571387e+04 2.308682e+06 5.700785e+06 8.739436e+04 2.125498e+08 2.521840e+04 6.565237e+04 2.201860e+06 1.920000e-13 1.577485e+03 4.173957e+03 1.258876e-16 7.346412e+09 2.606905e+02 6.119320e+02 7.308135e+05
5.986000e+03 4.511249e+03 6.828344e+07 1.643166e+08 1.196221e+05 2.723300e+03 6.764711e+07 1.792640e+08 7.665509e+04 1.205284e+05 1.509490e+07 3.547227e+07 6.948051e+05 9.793678e+03 2.100251e+08 4.768082e+08 7.668351e+05 1.042696e+05 2.151310e+06 5.035673e+06 8.542975e+04 1.018235e+09 5.126705e+03 9.385158e+03 1.684520e+06 1.920000e-13 1.456455e+03 2.640143e+03 8.966634e-17 3.062693e+10 5.986927e+02 9.810754e+02 5.515712e+06
6.059000e+03 4.408822e+03 6.898206e+07 1.682650e+08 1.192417e+05 2.723300e+03 6.789595e+07 1.799234e+08 7.693707e+04 1.194366e+05 1.569226e+07 3.771037e+07 7.271182e+05 9.730432e+03 2.139979e+08 4.910765e+08 7.821173e+05 1.002926e+05 2.242932e+06 5.322516e+06 8.649847e+04 3.904013e+08 1.256953e+04 2.639594e+04 1.734187e+06 7.373286e+10 1.711431e+02 4.436286e+02 5.167491e+06 3.052672e+10 6.094385e+02 1.171368e+03 6.197288e+06
6.132000e+03 4.326540e+03 6.968848e+07 1.719874e+08 1.192007e+05 2.723300e+03 6.817836e+07 1.806718e+08 7.725708e+04 1.329321e+05 1.420837e+07 3.481848e+07 7.429658e+05 9.615249e+03 2.186079e+08 5.073396e+08 7.957389e+05 9.756369e+04 2.323516e+06 5.589744e+06 8.801334e+04 2.873292e+08 1.717286e+04 4.046476e+04 1.887951e+06 1.920000e-13 1.560536e+03 4.128782e+03 1.245278e-16 3.043109e+10 6.214273e+02 1.363534e+03 6.886118e+06
6.205000e+03 3.658241e+02 7.212558e+07 1.661455e+08 9.936846e+03 1.920000e-13 6.583709e+07 1.744675e+08 5.259787e-12 1.920000e-13 1.591950e+07 3.673887e+07 1.152586e-12 1.920000e-13 2.233731e+08 5.025188e+08 1.588832e-11 9.451576e+04 2.412735e+06 5.875887e+06 8.930822e+04 2.411088e+08 2.108493e+04 5.330037e+04 2.044584e+06 1.920000e-13 1.560536e+03 4.128782e+03 1.245278e-16 3.409914e+10 5.862478e+02 1.418149e+03 7.791697e+06
6.278000e+03 3.657872e+02 7.212618e+07 1.692257e+08 1.006431e+04 1.783950e+03 6.823753e+07 1.808286e+08 5.065265e+04 8.882150e+04 1.499001e+07 3.525978e+07 5.088118e+05 7.102944e+03 2.093828e+08 4.770538e+08 5.558322e+05 9.615692e+04 2.315230e+06 5.696145e+06 8.781980e+04 2.125584e+08 2.509931e+04 6.535774e+04 2.191924e+06 1.920000e-13 1.560536e+03 4.128782e+03 1.245278e-16 7.265548e+09 2.567498e+02 6.042773e+02 7.131651e+05
6.351000e+03 4.437095e+03 6.764770e+07 1.628570e+08 1.165959e+05 2.585146e+03 6.818385e+07 1.806863e+08 7.334369e+04 1.203459e+05 1.524070e+07 3.580165e+07 7.002721e+05 9.758637e+03 2.116374e+08 4.802880e+08 7.697564e+05 1.047484e+05 2.153756e+06 5.011745e+06 8.556556e+04 1.018206e+09 5.108790e+03 9.372227e+03 1.680891e+06 1.920000e-13 1.439868e+03 2.609041e+03 8.862250e-17 3.081301e+10 5.933478e+02 9.742499e+02 5.506474e+06
6.424000e+03 4.336703e+03 6.834232e+07 1.668170e+08 1.162591e+05 2.585146e+03 6.841467e+07 1.812980e+08 7.359199e+04 1.192554e+05 1.583952e+07 3.804046e+07 7.325046e+05 9.695642e+03 2.156233e+08 4.945880e+08 7.849987e+05 1.007467e+05 2.241098e+06 5.270146e+06 8.626759e+04 3.904051e+08 1.253185e+04 2.641767e+04 1.733495e+06 7.376654e+10 1.734854e+02 4.503393e+02 5.245983e+06 3.071348e+10 6.042682e+02 1.168278e+03 6.206281e+06
6.497000e+03 4.255893e+03 6.905037e+07 1.705494e+08 1.162471e+05 2.585146e+03 6.867860e+07 1.819975e+08 7.387589e+04 1.327314e+05 1.433897e+07 3.511139e+07 7.482524e+05 9.580905e+03 2.202555e+08 5.109040e+08 7.985893e+05 9.800237e+04 2.317092e+06 5.514365e+06 8.749514e+04 2.873342e+08 1.713693e+04 4.051763e+04 1.888539e+06 1.920000e-13 1.554065e+03 4.112950e+03 1.240396e-16 3.061471e+10 6.165034e+02 1.362255e+03 6.906017e+06
6.570000e+03 3.593794e+02 7.142712e+07 1.646129e+08 9.670382e+03 1.920000e-13 6.594305e+07 1.747483e+08 5.268253e-12 1.920000e-13 1.607547e+07 3.708052e+07 1.163478e-12 1.920000e-13 2.253485e+08 5.067035e+08 1.602315e-11 9.493857e+04 2.400511e+06 5.776029e+06 8.849467e+04 2.411139e+08 2.107356e+04 5.339092e+04 2.046804e+06 1.920000e-13 1.554065e+03 4.112950e+03 1.240396e-16 3.425920e+10 5.837629e+02 1.417987e+03 7.817933e+06
6.643000e+03 3.593442e+02 7.142787e+07 1.676582e+08 9.794217e+03 1.692522e+03 6.873561e+07 1.821485e+08 4.840746e+04 8.868968e+04 1.512316e+07 3.555331e+07 5.123707e+05 7.077412e+03 2.109385e+08 4.804130e+08 5.577997e+05 9.661732e+04 2.298514e+06 5.589420e+06 8.688066e+04 2.125636e+08 2.510053e+04 6.541044e+04 2.193284e+06 1.920000e-13 1.554065e+03 4.112950e+03 1.240396e-16 7.261444e+09 2.588749e+02 6.084452e+02 7.179716e+05
6.716000e+03 4.364632e+03 6.705875e+07 1.615266e+08 1.137367e+05 2.452871e+03 6.867844e+07 1.819970e+08 7.009569e+04 1.201689e+05 1.537651e+07 3.609912e+07 7.051777e+05 9.723897e+03 2.132261e+08 4.837107e+08 7.725713e+05 1.052462e+05 2.136928e+06 4.936111e+06 8.486277e+04 1.018223e+09 5.109428e+03 9.372536e+03 1.681029e+06 1.920000e-13 1.433909e+03 2.598559e+03 8.826264e-17 3.099073e+10 5.912144e+02 9.709052e+02 5.518880e+06
6.789000e+03 4.266253e+03 6.774035e+07 1.654123e+08 1.133944e+05 2.452871e+03 6.888940e+07 1.825561e+08 7.031102e+04 1.190801e+05 1.596993e+07 3.832043e+07 7.369986e+05 9.661153e+03 2.171672e+08 4.978951e+08 7.875492e+05 1.012187e+05 2.226506e+06 5.215988e+06 8.587844e+04 3.904093e+08 1.253183e+04 2.640681e+04 1.733029e+06 7.365909e+10 1.711614e+02 4.440255e+02 5.165808e+06 3.088748e+10 6.019097e+02 1.163653e+03 6.216850e+06
6.862000e+03 4.186909e+03 6.843422e+07 1.690644e+08 1.133599e+05 2.452871e+03 6.912653e+07 1.831845e+08 7.055304e+04 1.325398e+05 1.445023e+07 3.534871e+07 7.524390e+05 9.546863e+03 2.217828e+08 5.141714e+08 8.009702e+05 9.845832e+04 2.307488e+06 5.494719e+06 8.757392e+04 2.873379e+08 1.713302e+04 4.049384e+04 1.887656e+06 1.920000e-13 1.543373e+03 4.083982e+03 1.231715e-16 3.078773e+10 6.139631e+02 1.357608e+03 6.919822e+06
6.935000e+03 3.531000e+02 7.073881e+07 1.630046e+08 9.408967e+03 1.920000e-13 6.607978e+07 1.751107e+08 5.279177e-12 1.920000e-13 1.622076e+07 3.739254e+07 1.173488e-12 1.920000e-13 2.272855e+08 5.107809e+08 1.615480e-11 9.537807e+04 2.397206e+06 5.792993e+06 8.905285e+04 2.411173e+08 2.105466e+04 5.332027e+04 2.044372e+06 1.920000e-13 1.543373e+03 4.083982e+03 1.231715e-16 3.445224e+10 5.815922e+02 1.413711e+03 7.836665e+06
7.008000e+03 3.530664e+02 7.073927e+07 1.659185e+08 9.525373e+03 1.610939e+03 6.913496e+07 1.832068e+08 4.634184e+04 8.856439e+04 1.523765e+07 3.579603e+07 5.152534e+05 7.041067e+03 2.124243e+08 4.836313e+08 5.587110e+05 9.709519e+04 2.301928e+06 5.639654e+06 8.790419e+04 2.125668e+08 2.508000e+04 6.534887e+04 2.191328e+06 1.920000e-13 1.543373e+03 4.083982e+03 1.231715e-16 7.265643e+09 2.573889e+02 6.053775e+02 7.146150e+05
7.081000e+03 4.293928e+03 6.646789e+07 1.600277e+08 1.108714e+05 2.332173e+03 6.908879e+07 1.830845e+08 6.704474e+04 1.200014e+05 1.549553e+07 3.635002e+07 7.092551e+05 9.673762e+03 2.147645e+08 4.870407e+08 7.739569e+05 1.057627e+05 2.145501e+06 4.998792e+06 8.613839e+04 1.018303e+09 5.110204e+03 9.389455e+03 1.683215e+06 1.920000e-13 1.423428e+03 2.579759e+03 8.762175e-17 3.109661e+10 5.888866e+02 9.693501e+02 5.523971e+06
7.154000e+03 4.197519e+03 6.711746e+07 1.637492e+08 1.104737e+05 2.332173e+03 6.928049e+07 1.835925e+08 6.723077e+04 1.189143e+05 1.608595e+07 3.855526e+07 7.407287e+05 9.611281e+03 2.187284e+08 5.012779e+08 7.889008e+05 1.017085e+05 2.239438e+06 5.302877e+06 8.745141e+04 3.904160e+08 1.255632e+04 2.656701e+04 1.741279e+06 7.369884e+10 1.924240e+02 5.018787e+02 5.833301e+06 3.099650e+10 6.002084e+02 1.173040e+03 6.265952e+06
7.227000e+03 4.119609e+03 6.777820e+07 1.672627e+08 1.103835e+05 2.332173e+03 6.949951e+07 1.841729e+08 6.744331e+04 1.323602e+05 1.455020e+07 3.554922e+07 7.559532e+05 9.497461e+03 2.233749e+08 5.176386e+08 8.023031e+05 9.893150e+04 2.331764e+06 5.635386e+06 8.985504e+04 2.873409e+08 1.721367e+04 4.088904e+04 1.903262e+06 1.920000e-13 1.582811e+03 4.191893e+03 1.263967e-16 3.090219e+10 6.147200e+02 1.389419e+03 7.060281e+06
7.300000e+03 3.469868e+02 7.001744e+07 1.611985e+08 9.146092e+03 1.920000e-13 6.631155e+07 1.757249e+08 5.297694e-12 1.920000e-13 1.635756e+07 3.767933e+07 1.182759e-12 1.920000e-13 2.291905e+08 5.147729e+08 1.628387e-11 9.583419e+04 2.441383e+06 6.011146e+06 9.234470e+04 2.411193e+08 2.123060e+04 5.396209e+04 2.066867e+06 1.920000e-13 1.582811e+03 4.191893e+03 1.263967e-16 3.458021e+10 5.915871e+02 1.464588e+03 8.105740e+06
7.373000e+03 3.469547e+02 7.001749e+07 1.639046e+08 9.252284e+03 1.527558e+03 6.944799e+07 1.840364e+08 4.414218e+04 8.844704e+04 1.534100e+07 3.600706e+07 5.177406e+05 7.004010e+03 2.139441e+08 4.869167e+08 5.596073e+05 9.759042e+04 2.365193e+06 5.917217e+06 9.214435e+04 2.125683e+08 2.536182e+04 6.618554e+04 2.218448e+06 1.920000e-13 1.582811e+03 4.191893e+03 1.263967e-16 7.292806e+09 2.816404e+02 6.586278e+02 7.817200e+05
7.446000e+03 4.225011e+03 6.582789e+07 1.582221e+08 1.079140e+05 2.211554e+03 6.940405e+07 1.839200e+08 6.386734e+04 1.198446e+05 1.560458e+07 3.657340e+07 7.128704e+05 9.623069e+03 2.163338e+08 4.904340e+08 7.753454e+05 1.062979e+05 2.212588e+06 5.217923e+06 9.004263e+04 1.018253e+09 5.169829e+03 9.513616e+03 1.704467e+06 1.920000e-13 1.461941e+03 2.653069e+03 9.006933e-17 3.044780e+10 6.058269e+02 1.012174e+03 5.616160e+06
7.519000e+03 4.130499e+03 6.643416e+07 1.617073e+08 1.074266e+05 2.211554e+03 6.958564e+07 1.844012e+08 6.403445e+04 1.187591e+05 1.620522e+07 3.880938e+07 7.448173e+05 9.560917e+03 2.203633e+08 5.048867e+08 7.904822e+05 1.022158e+05 2.316665e+06 5.562272e+06 9.181012e+04 3.904120e+08 1.270930e+04 2.692881e+04 1.764172e+06 7.304942e+10 1.793359e+02 4.654188e+02 5.369281e+06 2.954078e+10 6.179872e+02 1.238175e+03 6.250904e+06
7.592000e+03 4.053960e+03 6.704504e+07 1.650038e+08 1.072417e+05 2.211554e+03 6.978931e+07 1.849409e+08 6.422188e+04 1.319956e+05 1.465987e+07 3.579096e+07 7.591585e+05 9.447683e+03 2.250652e+08 5.214146e+08 8.039855e+05 9.942149e+04 2.417291e+06 5.913024e+06 9.441621e+04 2.873391e+08 1.741077e+04 4.137006e+04 1.925463e+06 1.920000e-13 1.567936e+03 4.149056e+03 1.251335e-16 2.866775e+10 6.338634e+02 1.461057e+03 6.846460e+06
7.665000e+03 3.417292e+02 6.924494e+07 1.590815e+08 8.894942e+03 1.920000e-13 6.656886e+07 1.764068e+08 5.318252e-12 1.920000e-13 1.649900e+07 3.798389e+07 1.192522e-12 1.920000e-13 2.311487e+08 5.189304e+08 1.641773e-11 9.630642e+04 2.533151e+06 6.294579e+06 9.691905e+04 2.411181e+08 2.144459e+04 5.448637e+04 2.087150e+06 1.920000e-13 1.567936e+03 4.149056e+03 1.251335e-16 3.173441e+10 6.027823e+02 1.503625e+03 7.620399e+06
7.738000e+03 3.416984e+02 6.924489e+07 1.614816e+08 8.987633e+03 1.450517e+03 6.971957e+07 1.847561e+08 4.207984e+04 8.820018e+04 1.545468e+07 3.625515e+07 5.199331e+05 6.966852e+03 2.155473e+08 4.904386e+08 5.607090e+05 9.810242e+04 2.437762e+06 6.118795e+06 9.569375e+04 2.125677e+08 2.552868e+04 6.658743e+04 2.232224e+06 1.920000e-13 1.567936e+03 4.149056e+03 1.251335e-16 7.432539e+09 2.899302e+02 6.719382e+02 8.150002e+05
7.811000e+03 4.164661e+03 6.513433e+07 1.560377e+08 1.050062e+05 2.098936e+03 6.967881e+07 1.846481e+08 6.085500e+04 1.195031e+05 1.572167e+07 3.682740e+07 7.158948e+05 9.572411e+03 2.179742e+08 4.940310e+08 7.769791e+05 1.068512e+05 2.270834e+06 5.336797e+06 9.266886e+04 1.018378e+09 5.188563e+03 9.509368e+03 1.706358e+06 1.920000e-13 1.447282e+03 2.624571e+03 8.912472e-17 2.806549e+10 6.107270e+02 1.011098e+03 5.188973e+06
7.884000e+03 4.072007e+03 6.568561e+07 1.592166e+08 1.044016e+05 2.098936e+03 6.984903e+07 1.850992e+08 6.100367e+04 1.184194e+05 1.631495e+07 3.904132e+07 7.472989e+05 9.510613e+03 2.219641e+08 5.083782e+08 7.918444e+05 1.027403e+05 2.366736e+06 5.625387e+06 9.360693e+04 3.904210e+08 1.272495e+04 2.675418e+04 1.757137e+06 7.376255e+10 1.753287e+02 4.551338e+02 5.301515e+06 2.724128e+10 6.201253e+02 1.198356e+03 5.647303e+06
7.957000e+03 3.996825e+03 6.623259e+07 1.622420e+08 1.041017e+05 2.098936e+03 7.004217e+07 1.856110e+08 6.117236e+04 1.316093e+05 1.475453e+07 3.599078e+07 7.613550e+05 9.398013e+03 2.266567e+08 5.248825e+08 8.051792e+05 9.992812e+04 2.453377e+06 5.910635e+06 9.528120e+04 2.873427e+08 1.736688e+04 4.094167e+04 1.910018e+06 1.920000e-13 1.563597e+03 4.138459e+03 1.248066e-16 2.644819e+10 6.311354e+02 1.384945e+03 6.078671e+06
8.030000e+03 3.364724e+02 6.835218e+07 1.565073e+08 8.625128e+03 1.920000e-13 6.685557e+07 1.771667e+08 5.341159e-12 1.920000e-13 1.662773e+07 3.825307e+07 1.201231e-12 1.920000e-13 2.330515e+08 5.229145e+08 1.654658e-11 9.679472e+04 2.549022e+06 6.214221e+06 9.669887e+04 2.411205e+08 2.129314e+04 5.381839e+04 2.064646e+06 1.920000e-13 1.563597e+03 4.138459e+03 1.248066e-16 2.955087e+10 5.816355e+02 1.406145e+03 6.696432e+06
8.103000e+03 3.364428e+02 6.835214e+07 1.586150e+08 8.705206e+03 1.371012e+03 6.999908e+07 1.854968e+08 3.993284e+04 8.794482e+04 1.555413e+07 3.646558e+07 5.215345e+05 6.929856e+03 2.170627e+08 4.937042e+08 5.615084e+05 9.863297e+04 2.442201e+06 6.020280e+06 9.515349e+04 2.125692e+08 2.529850e+04 6.585387e+04 2.208885e+06 1.920000e-13 1.563597e+03 4.138459e+03 1.248066e-16 7.512080e+09 2.606395e+02 6.120247e+02 7.473297e+05
8.176000e+03 4.105251e+03 6.432631e+07 1.534008e+08 1.018960e+05 1.986236e+03 6.994786e+07 1.853611e+08 5.780983e+04 1.191581e+05 1.582677e+07 3.704985e+07 7.182770e+05 9.522044e+03 2.195397e+08 4.974108e+08 7.782591e+05 1.074244e+05 2.271294e+06 5.278755e+06 9.246079e+04 1.018291e+09 5.147918e+03 9.435548e+03 1.692924e+06 1.920000e-13 1.443257e+03 2.616044e+03 8.884998e-17 2.632983e+10 5.887568e+02 9.796240e+02 4.707654e+06
8.249000e+03 4.014252e+03 6.482570e+07 1.562764e+08 1.011818e+05 1.986236e+03 7.010483e+07 1.857771e+08 5.793956e+04 1.180773e+05 1.642286e+07 3.926901e+07 7.496574e+05 9.460609e+03 2.235560e+08 5.118277e+08 7.931183e+05 1.032837e+05 2.371479e+06 5.603198e+06 9.389657e+04 3.904158e+08 1.263951e+04 2.661930e+04 1.747308e+06 7.367720e+10 1.882528e+02 4.901020e+02 5.697638e+06 2.557466e+10 5.990710e+02 1.162874e+03 5.136970e+06
8.322000e+03 3.940281e+03 6.530711e+07 1.590099e+08 1.007614e+05 1.986236e+03 7.028085e+07 1.862435e+08 5.808504e+04 1.312266e+05 1.485007e+07 3.619474e+07 7.636216e+05 9.348657e+03 2.282764e+08 5.284064e+08 8.064323e+05 1.004530e+05 2.466888e+06 5.943613e+06 9.631405e+04 2.873413e+08 1.728151e+04 4.084024e+04 1.903889e+06 1.920000e-13 1.586543e+03 4.201017e+03 1.266781e-16 2.484826e+10 6.112752e+02 1.349444e+03 5.554132e+06
8.395000e+03 3.313602e+02 6.733986e+07 1.535073e+08 8.342517e+03 1.920000e-13 6.712775e+07 1.778880e+08 5.362904e-12 1.920000e-13 1.675048e+07 3.850697e+07 1.209475e-12 1.920000e-13 2.349706e+08 5.269280e+08 1.667644e-11 9.730071e+04 2.575056e+06 6.308740e+06 9.854156e+04 2.411199e+08 2.122235e+04 5.373182e+04 2.060315e+06 1.920000e-13 1.586543e+03 4.201017e+03 1.266781e-16 2.775134e+10 5.668881e+02 1.377478e+03 6.151299e+06
8.468000e+03 3.313318e+02 6.733984e+07 1.552374e+08 8.407148e+03 1.296725e+03 7.023282e+07 1.861163e+08 3.789522e+04 8.769379e+04 1.565346e+07 3.667792e+07 5.231616e+05 6.893134e+03 2.185988e+08 4.970152e+08 5.623418e+05 9.917887e+04 2.480718e+06 6.166833e+06 9.777260e+04 2.125690e+08 2.523221e+04 6.572282e+04 2.204101e+06 1.920000e-13 1.586543e+03 4.201017e+03 1.266781e-16 7.220155e+09 2.663443e+02 6.241692e+02 7.329796e+05
8.541000e+03 4.047485e+03 6.341434e+07 1.502828e+08 9.860270e+04 1.878707e+03 7.018146e+07 1.859802e+08 5.486280e+04 1.188215e+05 1.593076e+07 3.727288e+07 7.206782e+05 9.472078e+03 2.211231e+08 5.008263e+08 7.795731e+05 1.080144e+05 2.317161e+06 5.452127e+06 9.566821e+04 1.018135e+09 5.131732e+03 9.395994e+03 1.686196e+06 1.920000e-13 1.465089e+03 2.657598e+03 9.023737e-17 2.487690e+10 5.760788e+02 9.709049e+02 4.387194e+06
8.614000e+03 3.958056e+03 6.386228e+07 1.527500e+08 9.773941e+04 1.878707e+03 7.032825e+07 1.863692e+08 5.497754e+04 1.177441e+05 1.653221e+07 3.951247e+07 7.522777e+05 9.411009e+03 2.251735e+08 5.153619e+08 7.944872e+05 1.038427e+05 2.421014e+06 5.782222e+06 9.711045e+04 3.904054e+08 1.258178e+04 2.642782e+04 1.736170e+06 7.328219e+10 1.738903e+02 4.505543e+02 5.216716e+06 2.417253e+10 5.869419e+02 1.156590e+03 4.804595e+06
8.687000e+03 3.885226e+03 6.427294e+07 1.551169e+08 9.717123e+04 1.878707e+03 7.049364e+07 1.868075e+08 5.510684e+04 1.308564e+05 1.495020e+07 3.642432e+07 7.663861e+05 9.299707e+03 2.299418e+08 5.320820e+08 8.078722e+05 1.009928e+05 2.516774e+06 6.106407e+06 9.928023e+04 2.873378e+08 1.719990e+04 4.057118e+04 1.892379e+06 1.920000e-13 1.579353e+03 4.180030e+03 1.260614e-16 2.349700e+10 6.002080e+02 1.344355e+03 5.208819e+06
8.760000e+03 3.263801e+02 6.621350e+07 1.499912e+08 8.044401e+03 1.920000e-13 6.746892e+07 1.787921e+08 5.390162e-12 1.920000e-13 1.687357e+07 3.877030e+07 1.217933e-12 1.920000e-13 2.368915e+08 5.309664e+08 1.680687e-11 9.782088e+04 2.627000e+06 6.467315e+06 1.014160e+05 2.411181e+08 2.112183e+04 5.343190e+04 2.049293e+06 1.920000e-13 1.579353e+03 4.180030e+03 1.260614e-16 2.641767e+10 5.568493e+02 1.364975e+03 5.787793e+06
8.833000e+03 3.263528e+02 6.621349e+07 1.511663e+08 8.087446e+03 1.230439e+03 7.042016e+07 1.866127e+08 3.605403e+04 8.745152e+04 1.578659e+07 3.702201e+07 5.264739e+05 6.856737e+03 2.204063e+08 5.012754e+08 5.641156e+05 9.963927e+04 2.515980e+06 6.257986e+06 9.966240e+04 2.125681e+08 2.507900e+04 6.528705e+04 2.189819e+06 1.920000e-13 1.579353e+03 4.180030e+03 1.260614e-16 6.951445e+09 2.629965e+02 6.166352e+02 6.970771e+05
8.906000e+03 3.991217e+03 6.240361e+07 1.465382e+08 9.506828e+04 1.780704e+03 7.038883e+07 1.865297e+08 5.215453e+04 1.184975e+05 1.651533e+07 3.941862e+07 7.555959e+05 9.422568e+03 2.266917e+08 5.195761e+08 8.016205e+05 1.085202e+05 2.347429e+06 5.521248e+06 9.734579e+04 1.018208e+09 5.098906e+03 9.323776e+03 1.674123e+06 1.920000e-13 1.458470e+03 2.644632e+03 8.980869e-17 2.385872e+10 5.645752e+02 9.542088e+02 4.130931e+06
8.979000e+03 3.903313e+03 6.281416e+07 1.484513e+08 9.400842e+04 1.780704e+03 7.052940e+07 1.869022e+08 5.225869e+04 1.174233e+05 1.716177e+07 4.174815e+07 7.885835e+05 9.361863e+03 2.312380e+08 5.359611e+08 8.187951e+05 1.043169e+05 2.452393e+06 5.851833e+06 9.875490e+04 3.904101e+08 1.249308e+04 2.617700e+04 1.721079e+06 7.368292e+10 1.746518e+02 4.531040e+02 5.273056e+06 2.318503e+10 5.748462e+02 1.130588e+03 4.507623e+06
9.052000e+03 3.831608e+03 6.316986e+07 1.502859e+08 9.323817e+04 1.780704e+03 7.068532e+07 1.873154e+08 5.237422e+04 1.305014e+05 1.550065e+07 3.829511e+07 8.003283e+05 9.251211e+03 2.360192e+08 5.522421e+08 8.313304e+05 1.014475e+05 2.543221e+06 6.149261e+06 1.005287e+05 2.873395e+08 1.707939e+04 4.022319e+04 1.877043e+06 1.920000e-13 1.582507e+03 4.189404e+03 1.263356e-16 2.254053e+10 5.874311e+02 1.311372e+03 4.879202e+06
9.125000e+03 3.215312e+02 6.501399e+07 1.457132e+08 7.724110e+03 1.920000e-13 6.788266e+07 1.798885e+08 5.423216e-12 1.920000e-13 1.727139e+07 3.999661e+07 1.253482e-12 1.920000e-13 2.420073e+08 5.457632e+08 1.724272e-11 9.825569e+04 2.644436e+06 6.470499e+06 1.020977e+05 2.411194e+08 2.099342e+04 5.309479e+04 2.036508e+06 1.920000e-13 1.582507e+03 4.189404e+03 1.263356e-16 2.547831e+10 5.427362e+02 1.327363e+03 5.431755e+06
9.198000e+03 3.215034e+02 6.501399e+07 1.466653e+08 7.758341e+03 1.162843e+03 7.056408e+07 1.869942e+08 3.414298e+04 8.721327e+04 1.632666e+07 3.860902e+07 5.461878e+05 6.809572e+03 2.260035e+08 5.174343e+08 5.771242e+05 1.004419e+05 2.532651e+06 6.257595e+06 1.006516e+05 2.136243e+08 2.488096e+04 6.478644e+04 2.183685e+06 1.920000e-13 1.582507e+03 4.189404e+03 1.263356e-16 6.913282e+09 2.600300e+02 6.111436e+02 6.865842e+05
9.271000e+03 3.932681e+03 6.135223e+07 1.423805e+08 9.133858e+04 1.682932e+03 7.055156e+07 1.869610e+08 4.940489e+04 1.179526e+05 1.708409e+07 4.107778e+07 7.820795e+05 9.344432e+03 2.323369e+08 5.358148e+08 8.182853e+05 1.092722e+05 2.359201e+06 5.507225e+06 9.799235e+04 1.043439e+09 4.984097e+03 9.143976e+03 1.680564e+06 1.920000e-13 1.460893e+03 2.648373e+03 8.994363e-17 2.296661e+10 5.522654e+02 9.421020e+02 3.912543e+06
9.344000e+03 3.844141e+03 6.174617e+07 1.440130e+08 9.017026e+04 1.682932e+03 7.068591e+07 1.873170e+08 4.949897e+04 1.169434e+05 1.773165e+07 4.338403e+07 8.147668e+05 9.284184e+03 2.368919e+08 5.521526e+08 8.351222e+05 1.050491e+05 2.458008e+06 5.802139e+06 9.892020e+04 3.988728e+08 1.224482e+04 2.573414e+04 1.726960e+06 7.501158e+10 1.721656e+02 4.489477e+02 5.311339e+06 2.199593e+10 5.618451e+02 1.116847e+03 4.209381e+06
9.417000e+03 3.773633e+03 6.207542e+07 1.455602e+08 8.932361e+04 1.682932e+03 7.083490e+07 1.877119e+08 4.960330e+04 1.297805e+05 1.598748e+07 3.968159e+07 8.236225e+05 9.173500e+03 2.416277e+08 5.681815e+08 8.468815e+05 1.022163e+05 2.541150e+06 6.066215e+06 1.002987e+05 2.927018e+08 1.679137e+04 3.958982e+04 1.881327e+06 1.920000e-13 1.580856e+03 4.184720e+03 1.261969e-16 2.107717e+10 5.738724e+02 1.291957e+03 4.483211e+06
9.490000e+03 3.178408e+02 6.389339e+07 1.417980e+08 7.452990e+03 1.920000e-13 6.833645e+07 1.810911e+08 5.459471e-12 1.920000e-13 1.768056e+07 4.105122e+07 1.285521e-12 1.920000e-13 2.469939e+08 5.585105e+08 1.763088e-11 9.904116e+04 2.636859e+06 6.372453e+06 1.017214e+05 2.451363e+08 2.069210e+04 5.235091e+04 2.041226e+06 1.920000e-13 1.580856e+03 4.184720e+03 1.261969e-16 2.369951e+10 5.277180e+02 1.296569e+03 4.928757e+06
9.563000e+03 3.178137e+02 6.389340e+07 1.427883e+08 7.488235e+03 1.099930e+03 7.068576e+07 1.873166e+08 3.235143e+04 8.655474e+04 1.678135e+07 3.977553e+07 5.580603e+05 6.746067e+03 2.309325e+08 5.301476e+08 5.853099e+05 1.012289e+05 2.523787e+06 6.174097e+06 1.003744e+05 2.168304e+08 2.460338e+04 6.408682e+04 2.192303e+06 1.920000e-13 1.580856e+03 4.184720e+03 1.261969e-16 6.832957e+09 2.629952e+02 6.171423e+02 6.855893e+05
9.636000e+03 3.886350e+03 6.038386e+07 1.387553e+08 8.822739e+04 1.591051e+03 7.065107e+07 1.872247e+08 4.677347e+04 1.170874e+05 1.708964e+07 4.084380e+07 7.732936e+05 9.257937e+03 2.341375e+08 5.390564e+08 8.160326e+05 1.100971e+05 2.357900e+06 5.508185e+06 9.872773e+04 1.058192e+09 4.945675e+03 9.100884e+03 1.694491e+06 1.920000e-13 1.459326e+03 2.645215e+03 8.984018e-17 2.175393e+10 5.415550e+02 9.339073e+02 3.659070e+06
9.709000e+03 3.799520e+03 6.075634e+07 1.403608e+08 8.711295e+04 1.591051e+03 7.077600e+07 1.875558e+08 4.685617e+04 1.160866e+05 1.770572e+07 4.310184e+07 8.047197e+05 9.198115e+03 2.383077e+08 5.543158e+08 8.311333e+05 1.058092e+05 2.469857e+06 5.882180e+06 1.007443e+05 4.045880e+08 1.215621e+04 2.565680e+04 1.744051e+06 7.211919e+10 1.683745e+02 4.419906e+02 5.018170e+06 2.107396e+10 5.530033e+02 1.111548e+03 3.998970e+06
9.782000e+03 3.730740e+03 6.106525e+07 1.418983e+08 8.632130e+04 1.591051e+03 7.091745e+07 1.879306e+08 4.694982e+04 1.288555e+05 1.597240e+07 3.949040e+07 8.147225e+05 9.088681e+03 2.430670e+08 5.706934e+08 8.431450e+05 1.029586e+05 2.561087e+06 6.185048e+06 1.026558e+05 2.965114e+08 1.671445e+04 3.957827e+04 1.902824e+06 1.920000e-13 1.578612e+03 4.178736e+03 1.260168e-16 2.042438e+10 5.670887e+02 1.291109e+03 4.326589e+06
9.855000e+03 3.140952e+02 6.279949e+07 1.386269e+08 7.212444e+03 1.920000e-13 6.879091e+07 1.822955e+08 5.495779e-12 1.920000e-13 1.783666e+07 4.131005e+07 1.294603e-12 1.920000e-13 2.493192e+08 5.630990e+08 1.778221e-11 9.976937e+04 2.664354e+06 6.517925e+06 1.044366e+05 2.479701e+08 2.065581e+04 5.239884e+04 2.065152e+06 1.920000e-13 1.578612e+03 4.178736e+03 1.260168e-16 2.322734e+10 5.246298e+02 1.297845e+03 4.825761e+06
9.928000e+03 3.140690e+02 6.279951e+07 1.394507e+08 7.241339e+03 1.034504e+03 7.078180e+07 1.875712e+08 3.046845e+04 8.578882e+04 1.681498e+07 3.973748e+07 5.530789e+05 6.677624e+03 2.325135e+08 5.330338e+08 5.827722e+05 1.017311e+05 2.546961e+06 6.301683e+06 1.026208e+05 2.190379e+08 2.459946e+04 6.413278e+04 2.215672e+06 1.920000e-13 1.578612e+03 4.178736e+03 1.260168e-16 6.707583e+09 2.640438e+02 6.193794e+02 6.755223e+05
1.000100e+04 3.842433e+03 5.943970e+07 1.356801e+08 8.546977e+04 1.498403e+03 7.074673e+07 1.874782e+08 4.410947e+04 1.160669e+05 1.743555e+07 4.183472e+07 7.842419e+05 9.163846e+03 2.382416e+08 5.497775e+08 8.232266e+05 1.106863e+05 2.373186e+06 5.549594e+06 9.997153e+04 1.058332e+09 4.991230e+03 9.185624e+03 1.710436e+06 1.920000e-13 1.456844e+03 2.640957e+03 8.969265e-17 2.150788e+10 5.411900e+02 9.344320e+02 3.618075e+06
1.007400e+04 3.756831e+03 5.979314e+07 1.370709e+08 8.431270e+04 1.498403e+03 7.086406e+07 1.877892e+08 4.418263e+04 1.150677e+05 1.802818e+07 4.401534e+07 8.138698e+05 9.104874e+03 2.425028e+08 5.654172e+08 8.385850e+05 1.063663e+05 2.475843e+06 5.867361e+06 1.011677e+05 4.056206e+08 1.225202e+04 2.587095e+04 1.762835e+06 6.965696e+10 1.822823e+02 4.807365e+02 5.264962e+06 2.088358e+10 5.530679e+02 1.113930e+03 3.968670e+06
1.014700e+04 3.688597e+03 6.008774e+07 1.383817e+08 8.345641e+04 1.498403e+03 7.099593e+07 1.881386e+08 4.426485e+04 1.277384e+05 1.622780e+07 4.020268e+07 8.217504e+05 8.995813e+03 2.471480e+08 5.813348e+08 8.496278e+05 1.034777e+05 2.571419e+06 6.197352e+06 1.034404e+05 2.975029e+08 1.683366e+04 3.986861e+04 1.923076e+06 1.920000e-13 1.600441e+03 4.238141e+03 1.277949e-16 2.028499e+10 5.677702e+02 1.297718e+03 4.313921e+06
1.022000e+04 3.104229e+02 6.173626e+07 1.353952e+08 6.976128e+03 1.920000e-13 6.926489e+07 1.835516e+08 5.533646e-12 1.920000e-13 1.810889e+07 4.198067e+07 1.315240e-12 1.920000e-13 2.533210e+08 5.726695e+08 1.807928e-11 1.002482e+05 2.687424e+06 6.590065e+06 1.060259e+05 2.488570e+08 2.079679e+04 5.276293e+04 2.086867e+06 1.920000e-13 1.600441e+03 4.238141e+03 1.277949e-16 2.315364e+10 5.262720e+02 1.307340e+03 4.839845e+06
1.029300e+04 3.103973e+02 6.173628e+07 1.362678e+08 7.006435e+03 9.727143e+02 7.086044e+07 1.877796e+08 2.868045e+04 8.508471e+04 1.705283e+07 4.030922e+07 5.563922e+05 6.610720e+03 2.360836e+08 5.415733e+08 5.860594e+05 1.021067e+05 2.583657e+06 6.435792e+06 1.049879e+05 2.198905e+08 2.474944e+04 6.452621e+04 2.237919e+06 1.920000e-13 1.600441e+03 4.238141e+03 1.277949e-16 6.670989e+09 2.687986e+02 6.300450e+02 6.835640e+05
1.036600e+04 3.798572e+03 5.853696e+07 1.328065e+08 8.285884e+04 1.409183e+03 7.081891e+07 1.876695e+08 4.152536e+04 1.151892e+05 1.736855e+07 4.132333e+07 7.707166e+05 9.076303e+03 2.391215e+08 5.495773e+08 8.160654e+05 1.111307e+05 2.416147e+06 5.697871e+06 1.027957e+05 1.060387e+09 5.028862e+03 9.254404e+03 1.726619e+06 1.920000e-13 1.477721e+03 2.681162e+03 9.102963e-17 2.143534e+10 5.451467e+02 9.453660e+02 3.642260e+06
1.043900e+04 3.713799e+03 5.887341e+07 1.341844e+08 8.173548e+04 1.409183e+03 7.093106e+07 1.879668e+08 4.159113e+04 1.142212e+05 1.796511e+07 4.354907e+07 8.009893e+05 9.018330e+03 2.432357e+08 5.647567e+08 8.306885e+05 1.067759e+05 2.531450e+06 6.078928e+06 1.048094e+05 4.066726e+08 1.232864e+04 2.600402e+04 1.777128e+06 6.842334e+10 1.680574e+02 4.434067e+02 4.769579e+06 2.080904e+10 5.577375e+02 1.131924e+03 4.008268e+06
1.051200e+04 3.646535e+03 5.915246e+07 1.354856e+08 8.091203e+04 1.409183e+03 7.105830e+07 1.883039e+08 4.166573e+04 1.268363e+05 1.618921e+07 3.987986e+07 8.107219e+05 8.911417e+03 2.479914e+08 5.813028e+08 8.424812e+05 1.038614e+05 2.639718e+06 6.449928e+06 1.076232e+05 2.984560e+08 1.691056e+04 4.000294e+04 1.936424e+06 1.920000e-13 1.579961e+03 4.181056e+03 1.260971e-16 2.020935e+10 5.730601e+02 1.319892e+03 4.361108e+06
1.058500e+04 3.068055e+02 6.070806e+07 1.327673e+08 6.766960e+03 1.920000e-13 6.976247e+07 1.848702e+08 5.573400e-12 1.920000e-13 1.821208e+07 4.206945e+07 1.319442e-12 1.920000e-13 2.551570e+08 5.754941e+08 1.818129e-11 1.005971e+05 2.768312e+06 6.872926e+06 1.105664e+05 2.498109e+08 2.085746e+04 5.287556e+04 2.099802e+06 1.920000e-13 1.579961e+03 4.181056e+03 1.260971e-16 2.310383e+10 5.308782e+02 1.324181e+03 4.885922e+06
1.065800e+04 3.067808e+02 6.070809e+07 1.334946e+08 6.791853e+03 9.172758e+02 7.090766e+07 1.879048e+08 2.706387e+04 8.468121e+04 1.705115e+07 4.017668e+07 5.524579e+05 6.557603e+03 2.370776e+08 5.427018e+08 5.829371e+05 1.024032e+05 2.650378e+06 6.650176e+06 1.085743e+05 2.207655e+08 2.477422e+04 6.455773e+04 2.248241e+06 1.920000e-13 1.579961e+03 4.181056e+03 1.260971e-16 6.720383e+09 2.700088e+02 6.315194e+02 6.906820e+05
1.073100e+04 3.757794e+03 5.766376e+07 1.302891e+08 8.051685e+04 1.327382e+03 7.088678e+07 1.878494e+08 3.915237e+04 1.148381e+05 1.780357e+07 4.264791e+07 7.914029e+05 9.016386e+03 2.433943e+08 5.612104e+08 8.270275e+05 1.113997e+05 2.479855e+06 5.878855e+06 1.061520e+05 1.060930e+09 5.051177e+03 9.300060e+03 1.735724e+06 1.920000e-13 1.457606e+03 2.643296e+03 8.976055e-17 2.136679e+10 5.481512e+02 9.467852e+02 3.641387e+06
1.080400e+04 3.675412e+03 5.797682e+07 1.314680e+08 7.937679e+04 1.327382e+03 7.099724e+07 1.881422e+08 3.921338e+04 1.138958e+05 1.844673e+07 4.498474e+07 8.236022e+05 8.960484e+03 2.479616e+08 5.778357e+08 8.435480e+05 1.070098e+05 2.597501e+06 6.258165e+06 1.080313e+05 4.071640e+08 1.238578e+04 2.617831e+04 1.790017e+06 6.847056e+10 1.834103e+02 4.848512e+02 5.216211e+06 2.070832e+10 5.599957e+02 1.127671e+03 3.984158e+06
1.087700e+04 3.609479e+03 5.823862e+07 1.325785e+08 7.851756e+04 1.327382e+03 7.112161e+07 1.884717e+08 3.928208e+04 1.266208e+05 1.661780e+07 4.112741e+07 8.335391e+05 8.860217e+03 2.527637e+08 5.942856e+08 8.555747e+05 1.040752e+05 2.695025e+06 6.569838e+06 1.099236e+05 2.987956e+08 1.698363e+04 4.021450e+04 1.948323e+06 1.920000e-13 1.596147e+03 4.226586e+03 1.274480e-16 2.007620e+10 5.742184e+02 1.310428e+03 4.313365e+06
1.095000e+04 3.033290e+02 5.971322e+07 1.299610e+08 6.558841e+03 1.920000e-13 7.032205e+07 1.863531e+08 5.618106e-12 1.920000e-13 1.855387e+07 4.296026e+07 1.346421e-12 1.920000e-13 2.596085e+08 5.863633e+08 1.851663e-11 1.007836e+05 2.807890e+06 6.924501e+06 1.118187e+05 2.500229e+08 2.093425e+04 5.307696e+04 2.109513e+06 1.920000e-13 1.596147e+03 4.226586e+03 1.274480e-16 2.296666e+10 5.287890e+02 1.312456e+03 4.820746e+06
1.102300e+04 3.033051e+02 5.971325e+07 1.306906e+08 6.583553e+03 8.643219e+02 7.096972e+07 1.880693e+08 2.552381e+04 8.448117e+04 1.747631e+07 4.131214e+07 5.661830e+05 6.514945e+03 2.415542e+08 5.540340e+08 5.908862e+05 1.025832e+05 2.685129e+06 6.697704e+06 1.097274e+05 2.209405e+08 2.482994e+04 6.469154e+04 2.254797e+06 1.920000e-13 1.596147e+03 4.226586e+03 1.274480e-16 6.766429e+09 2.671205e+02 6.261989e+02 6.890824e+05
1.109600e+04 3.719253e+03 5.682425e+07 1.278459e+08 7.829919e+04 1.250350e+03 7.095862e+07 1.880398e+08 3.691761e+04 1.143522e+05 1.824603e+07 4.381890e+07 8.090879e+05 8.947119e+03 2.479612e+08 5.726592e+08 8.370095e+05 1.116949e+05 2.507453e+06 5.913360e+06 1.072240e+05 1.058268e+09 5.074995e+03 9.337892e+03 1.738808e+06 1.920000e-13 1.472630e+03 2.671851e+03 9.071439e-17 2.106776e+10 5.464138e+02 9.470010e+02 3.586771e+06
1.116900e+04 3.637347e+03 5.712342e+07 1.289934e+08 7.717474e+04 1.250350e+03 7.106599e+07 1.883244e+08 3.697347e+04 1.133926e+05 1.888897e+07 4.614436e+07 8.406698e+05 8.890801e+03 2.525328e+08 5.892556e+08 8.531958e+05 1.073350e+05 2.631311e+06 6.329113e+06 1.096414e+05 4.068195e+08 1.243162e+04 2.629009e+04 1.795813e+06 6.795354e+10 1.869738e+02 4.943164e+02 5.277753e+06 2.023013e+10 5.581166e+02 1.130029e+03 3.893260e+06
1.124200e+04 3.570950e+03 5.737708e+07 1.300839e+08 7.631319e+04 1.250350e+03 7.118511e+07 1.886401e+08 3.703545e+04 1.258435e+05 1.699853e+07 4.211593e+07 8.480654e+05 8.785265e+03 2.573263e+08 6.055994e+08 8.642376e+05 1.043902e+05 2.748978e+06 6.735103e+06 1.128651e+05 2.987260e+08 1.704097e+04 4.037402e+04 1.955254e+06 1.920000e-13 1.607866e+03 4.257420e+03 1.283794e-16 1.943767e+10 5.726770e+02 1.314399e+03 4.181562e+06
1.131500e+04 3.007460e+02 5.880720e+07 1.276693e+08 6.393355e+03 1.920000e-13 7.091999e+07 1.879377e+08 5.665876e-12 1.920000e-13 1.889188e+07 4.376315e+07 1.371393e-12 1.920000e-13 2.639577e+08 5.964016e+08 1.883154e-11 1.010821e+05 2.882439e+06 7.167856e+06 1.158131e+05 2.499727e+08 2.101877e+04 5.332694e+04 2.118621e+06 1.920000e-13 1.607866e+03 4.257420e+03 1.283794e-16 2.214613e+10 5.268283e+02 1.312139e+03 4.642765e+06
1.138800e+04 3.007222e+02 5.880723e+07 1.284039e+08 6.418033e+03 8.165773e+02 7.103814e+07 1.882506e+08 2.413714e+04 8.389509e+04 1.785572e+07 4.223930e+07 5.747512e+05 6.446993e+03 2.458060e+08 5.641659e+08 5.952947e+05 1.028607e+05 2.769879e+06 6.973715e+06 1.142546e+05 2.209209e+08 2.486269e+04 6.476306e+04 2.257223e+06 1.920000e-13 1.607866e+03 4.257420e+03 1.283794e-16 6.747857e+09 2.710202e+02 6.335084e+02 6.958138e+05
1.146100e+04 3.687496e+03 5.608069e+07 1.258639e+08 7.648488e+04 1.180366e+03 7.105832e+07 1.883041e+08 3.490025e+04 1.136600e+05 1.864526e+07 4.480432e+07 8.221316e+05 8.858135e+03 2.522801e+08 5.830224e+08 8.435114e+05 1.119931e+05 2.595527e+06 6.173559e+06 1.119568e+05 1.059217e+09 5.060810e+03 9.253108e+03 1.728417e+06 1.920000e-13 1.483635e+03 2.693110e+03 9.142058e-17 2.043041e+10 5.441654e+02 9.442308e+02 3.466575e+06
1.153400e+04 3.606783e+03 5.636344e+07 1.269692e+08 7.538146e+04 1.180366e+03 7.116515e+07 1.885872e+08 3.495272e+04 1.127084e+05 1.929499e+07 4.715107e+07 8.537492e+05 8.802517e+03 2.569080e+08 5.998085e+08 8.597038e+05 1.076124e+05 2.722840e+06 6.588890e+06 1.142346e+05 4.067154e+08 1.238125e+04 2.596079e+04 1.777750e+06 6.780482e+10 1.685313e+02 4.452356e+02 4.744265e+06 1.969728e+10 5.557703e+02 1.120486e+03 3.764017e+06
1.160700e+04 3.542042e+03 5.660105e+07 1.280171e+08 7.454745e+04 1.180366e+03 7.127894e+07 1.888887e+08 3.500861e+04 1.251239e+05 1.734799e+07 4.298518e+07 8.605998e+05 8.698853e+03 2.617192e+08 6.162262e+08 8.706314e+05 1.046408e+05 2.830750e+06 6.936552e+06 1.165146e+05 2.986362e+08 1.694613e+04 3.991236e+04 1.935721e+06 1.920000e-13 1.581940e+03 4.186219e+03 1.262535e-16 1.899769e+10 5.699399e+02 1.297774e+03 4.044976e+06
1.168000e+04 2.982401e+02 5.792820e+07 1.256099e+08 6.240180e+03 1.920000e-13 7.167441e+07 1.899369e+08 5.726148e-12 1.920000e-13 1.922496e+07 4.452941e+07 1.395456e-12 1.920000e-13 2.682211e+08 6.060361e+08 1.913574e-11 1.012930e+05 2.951428e+06 7.310516e+06 1.184988e+05 2.499601e+08 2.085851e+04 5.274812e+04 2.097454e+06 1.920000e-13 1.581940e+03 4.186219e+03 1.262535e-16 2.176660e+10 5.212632e+02 1.290522e+03 4.495749e+06
1.175300e+04 2.982171e+02 5.792823e+07 1.263253e+08 6.264021e+03 7.675514e+02 7.116747e+07 1.885933e+08 2.272929e+04 8.356210e+04 1.819673e+07 4.305637e+07 5.835019e+05 6.387999e+03 2.498420e+08 5.736575e+08 5.996986e+05 1.030582e+05 2.809100e+06 7.012666e+06 1.153923e+05 2.209941e+08 2.463261e+04 6.407874e+04 2.234934e+06 1.920000e-13 1.581940e+03 4.186219e+03 1.262535e-16 6.691558e+09 2.629166e+02 6.162476e+02 6.706595e+05
1.182600e+04 3.658515e+03 5.535632e+07 1.240619e+08 7.483008e+04 1.111042e+03 7.118429e+07 1.886379e+08 3.290875e+04 1.131375e+05 1.898635e+07 4.561666e+07 8.332287e+05 8.773548e+03 2.563504e+08 5.925658e+08 8.490727e+05 1.121514e+05 2.610057e+06 6.099687e+06 1.113564e+05 1.061674e+09 5.007988e+03 9.155407e+03 1.714207e+06 1.920000e-13 1.458328e+03 2.645288e+03 8.981994e-17 2.017804e+10 5.371689e+02 9.303657e+02 3.375765e+06
1.189900e+04 3.578689e+03 5.562192e+07 1.250982e+08 7.372850e+04 1.111042e+03 7.128681e+07 1.889096e+08 3.295615e+04 1.121976e+05 1.962259e+07 4.792964e+07 8.640284e+05 8.718632e+03 2.609286e+08 6.092339e+08 8.648753e+05 1.077223e+05 2.725301e+06 6.458279e+06 1.127775e+05 4.076443e+08 1.225411e+04 2.570826e+04 1.764166e+06 6.803922e+10 1.773810e+02 4.690773e+02 5.014235e+06 1.946516e+10 5.483284e+02 1.101479e+03 3.660970e+06
1.197200e+04 3.514546e+03 5.584571e+07 1.260900e+08 7.289403e+04 1.111042e+03 7.139746e+07 1.892028e+08 3.300730e+04 1.245352e+05 1.762956e+07 4.365628e+07 8.700759e+05 8.615734e+03 2.657088e+08 6.255969e+08 8.754348e+05 1.047575e+05 2.827849e+06 6.805053e+06 1.150396e+05 2.993992e+08 1.677995e+04 3.955363e+04 1.922750e+06 1.920000e-13 1.582519e+03 4.189959e+03 1.263480e-16 1.878449e+10 5.622721e+02 1.276759e+03 3.938160e+06
1.204500e+04 2.958624e+02 5.709152e+07 1.236685e+08 6.096728e+03 1.920000e-13 7.243801e+07 1.919605e+08 5.787154e-12 1.920000e-13 1.952682e+07 4.520320e+07 1.416811e-12 1.920000e-13 2.722370e+08 6.149053e+08 1.941777e-11 1.014312e+05 2.942223e+06 7.173775e+06 1.169728e+05 2.506356e+08 2.065803e+04 5.226199e+04 2.083504e+06 1.920000e-13 1.582519e+03 4.189959e+03 1.263480e-16 2.151360e+10 5.153775e+02 1.275472e+03 4.392148e+06
1.211800e+04 2.958400e+02 5.709155e+07 1.243925e+08 6.120686e+03 7.215640e+02 7.130767e+07 1.889649e+08 2.140958e+04 8.305205e+04 1.848741e+07 4.372006e+07 5.889762e+05 6.321075e+03 2.535928e+08 5.821766e+08 6.022576e+05 1.032234e+05 2.805163e+06 6.924735e+06 1.144963e+05 2.216108e+08 2.443269e+04 6.358168e+04 2.223562e+06 1.920000e-13 1.582519e+03 4.189959e+03 1.263480e-16 6.609801e+09 2.631230e+02 6.175510e+02 6.636031e+05
1.219100e+04 3.631454e+03 5.466622e+07 1.224201e+08 7.331121e+04 1.044859e+03 7.132514e+07 1.890112e+08 3.100969e+04 1.125707e+05 1.927713e+07 4.628393e+07 8.413494e+05 8.688412e+03 2.601086e+08 6.011636e+08 8.530720e+05 1.123363e+05 2.612845e+06 6.103927e+06 1.116300e+05 1.060263e+09 4.989875e+03 9.128602e+03 1.706501e+06 1.920000e-13 1.458419e+03 2.646454e+03 8.984745e-17 1.986022e+10 5.327062e+02 9.298602e+02 3.311345e+06
1.226400e+04 3.552527e+03 5.491727e+07 1.234336e+08 7.222997e+04 1.044859e+03 7.142650e+07 1.892798e+08 3.105376e+04 1.116255e+05 1.991024e+07 4.859261e+07 8.717198e+05 8.633995e+03 2.646919e+08 6.178725e+08 8.686865e+05 1.079229e+05 2.728588e+06 6.465733e+06 1.131196e+05 4.070882e+08 1.219070e+04 2.549088e+04 1.748728e+06 6.717026e+10 1.599303e+02 4.225410e+02 4.460221e+06 1.908769e+10 5.441540e+02 1.105848e+03 3.590400e+06
1.233700e+04 3.488470e+03 5.513104e+07 1.244083e+08 7.140022e+04 1.044859e+03 7.153543e+07 1.895685e+08 3.110112e+04 1.238210e+05 1.788006e+07 4.423635e+07 8.768098e+05 8.529583e+03 2.694889e+08 6.342892e+08 8.788089e+05 1.049505e+05 2.827651e+06 6.790583e+06 1.150760e+05 2.988818e+08 1.664634e+04 3.900214e+04 1.896084e+06 1.920000e-13 1.515996e+03 4.005306e+03 1.208502e-16 1.834873e+10 5.584853e+02 1.282618e+03 3.851137e+06
1.241000e+04 2.935877e+02 5.629759e+07 1.219056e+08 5.964283e+03 1.920000e-13 7.322836e+07 1.940549e+08 5.850296e-12 1.920000e-13 1.980880e+07 4.582274e+07 1.436543e-12 1.920000e-13 2.761007e+08 6.233258e+08 1.968665e-11 1.016145e+05 2.939283e+06 7.144695e+06 1.168133e+05 2.501843e+08 2.044474e+04 5.152943e+04 2.052776e+06 1.920000e-13 1.515996e+03 4.005306e+03 1.208502e-16 2.100750e+10 5.123535e+02 1.276331e+03 4.283640e+06
1.248300e+04 2.935652e+02 5.629763e+07 1.226291e+08 5.988039e+03 6.804841e+02 7.144614e+07 1.893319e+08 2.022990e+04 8.244331e+04 1.874961e+07 4.430134e+07 5.925867e+05 6.250993e+03 2.571666e+08 5.901352e+08 6.037984e+05 1.033858e+05 2.801978e+06 6.898180e+06 1.143258e+05 2.210975e+08 2.422616e+04 6.299497e+04 2.198418e+06 1.920000e-13 1.515996e+03 4.005306e+03 1.208502e-16 6.544471e+09 2.638145e+02 6.185448e+02 6.583015e+05
1.255600e+04 3.604327e+03 5.401735e+07 1.209447e+08 7.189075e+04 9.843746e+02 7.146981e+07 1.893946e+08 2.927386e+04 1.117204e+05 1.953953e+07 4.686202e+07 8.456988e+05 8.589332e+03 2.637437e+08 6.092407e+08 8.548123e+05 1.125137e+05 2.613744e+06 6.113106e+06 1.119355e+05 1.056973e+09 4.962197e+03 9.125765e+03 1.697529e+06 1.920000e-13 1.394742e+03 2.528851e+03 8.587961e-17 1.949043e+10 5.299369e+02 9.267136e+02 3.236546e+06
1.262900e+04 3.525556e+03 5.425586e+07 1.219266e+08 7.081008e+04 9.843746e+02 7.156902e+07 1.896575e+08 2.931450e+04 1.108083e+05 2.017686e+07 4.919256e+07 8.762846e+05 8.536042e+03 2.683612e+08 6.261021e+08 8.704101e+05 1.080783e+05 2.735727e+06 6.511213e+06 1.139308e+05 4.064329e+08 1.213101e+04 2.562504e+04 1.749364e+06 6.807422e+10 1.769984e+02 4.683637e+02 5.008307e+06 1.880964e+10 5.417281e+02 1.100974e+03 3.522446e+06
1.270200e+04 3.462113e+03 5.445781e+07 1.228733e+08 6.998921e+04 9.843746e+02 7.167459e+07 1.899373e+08 2.935774e+04 1.231769e+05 1.811006e+07 4.476506e+07 8.829030e+05 8.439406e+03 2.731813e+08 6.426909e+08 8.811536e+05 1.051005e+05 2.842828e+06 6.873985e+06 1.164216e+05 2.985337e+08 1.660771e+04 3.927825e+04 1.901958e+06 1.920000e-13 1.537776e+03 4.072648e+03 1.228010e-16 1.815900e+10 5.561786e+02 1.275925e+03 3.792685e+06
1.277500e+04 2.914142e+02 5.554572e+07 1.202584e+08 5.840429e+03 1.920000e-13 7.410150e+07 1.963688e+08 5.920053e-12 1.920000e-13 2.008099e+07 4.641785e+07 1.455526e-12 1.920000e-13 2.799023e+08 6.315722e+08 1.995035e-11 1.017605e+05 2.964697e+06 7.268316e+06 1.187100e+05 2.499553e+08 2.042785e+04 5.173322e+04 2.056223e+06 1.920000e-13 1.537776e+03 4.072648e+03 1.228010e-16 2.091193e+10 5.092525e+02 1.267027e+03 4.234579e+06
1.284800e+04 2.913927e+02 5.554575e+07 1.209714e+08 5.863683e+03 6.382198e+02 7.155081e+07 1.896093e+08 1.900124e+04 8.229579e+04 1.897309e+07 4.480855e+07 5.983814e+05 6.195727e+03 2.605367e+08 5.977474e+08 6.062172e+05 1.035372e+05 2.830872e+06 7.025768e+06 1.163403e+05 2.209335e+08 2.418788e+04 6.298339e+04 2.195532e+06 1.920000e-13 1.537776e+03 4.072648e+03 1.228010e-16 6.539172e+09 2.619134e+02 6.149934e+02 6.537038e+05
1.292100e+04 3.579254e+03 5.340009e+07 1.195564e+08 7.057228e+04 9.229744e+02 7.157731e+07 1.896795e+08 2.748920e+04 1.115664e+05 1.978184e+07 4.741885e+07 8.546965e+05 8.519178e+03 2.671948e+08 6.171030e+08 8.588179e+05 1.126713e+05 2.635190e+06 6.150839e+06 1.128524e+05 1.053241e+09 4.953798e+03 9.078818e+03 1.684889e+06 1.920000e-13 1.415750e+03 2.570134e+03 8.724302e-17 1.968707e+10 5.298901e+02 9.264817e+02 3.268573e+06
1.299400e+04 3.501978e+03 5.362194e+07 1.204863e+08 6.950845e+04 9.229744e+02 7.167408e+07 1.899359e+08 2.752636e+04 1.106250e+05 2.043520e+07 4.979412e+07 8.856796e+05 8.466075e+03 2.719029e+08 6.342315e+08 8.745398e+05 1.082247e+05 2.750606e+06 6.504035e+06 1.141802e+05 4.045667e+08 1.211120e+04 2.553048e+04 1.736057e+06 6.634932e+10 1.740167e+02 4.602681e+02 4.797618e+06 1.930509e+10 5.437583e+02 1.106796e+03 3.632506e+06
1.306700e+04 3.439431e+03 5.381091e+07 1.213940e+08 6.869699e+04 9.229744e+02 7.177833e+07 1.902122e+08 2.756641e+04 1.225301e+05 1.835283e+07 4.533550e+07 8.896262e+05 8.364622e+03 2.768097e+08 6.510210e+08 8.847487e+05 1.052257e+05 2.853112e+06 6.847156e+06 1.163618e+05 2.973027e+08 1.660071e+04 3.934607e+04 1.896177e+06 1.920000e-13 1.539589e+03 4.077147e+03 1.229391e-16 1.892624e+10 5.600089e+02 1.288845e+03 3.989071e+06
1.314000e+04 2.918248e+02 5.495952e+07 1.193624e+08 5.799345e+03 1.920000e-13 7.504611e+07 1.988720e+08 5.995520e-12 1.920000e-13 2.035415e+07 4.701722e+07 1.474625e-12 1.920000e-13 2.836470e+08 6.396684e+08 2.020953e-11 1.018651e+05 2.967134e+06 7.210500e+06 1.181890e+05 2.489444e+08 2.048132e+04 5.200931e+04 2.057259e+06 1.920000e-13 1.539589e+03 4.077147e+03 1.229391e-16 2.192579e+10 5.185560e+02 1.292692e+03 4.527288e+06
1.321300e+04 2.918038e+02 5.495954e+07 1.201244e+08 5.824278e+03 5.992632e+02 7.164625e+07 1.898622e+08 1.786521e+04 8.172009e+04 1.922970e+07 4.538832e+07 6.019874e+05 6.133528e+03 2.640050e+08 6.054840e+08 6.079660e+05 1.036808e+05 2.816055e+06 6.909115e+06 1.149477e+05 2.204390e+08 2.422190e+04 6.312834e+04 2.195116e+06 1.920000e-13 1.539589e+03 4.077147e+03 1.229391e-16 6.543914e+09 2.643723e+02 6.194772e+02 6.593572e+05
1.328600e+04 3.581106e+03 5.293515e+07 1.186834e+08 7.006262e+04 8.657648e+02 7.167842e+07 1.899475e+08 2.582174e+04 1.108383e+05 2.004195e+07 4.800780e+07 8.598468e+05 8.436225e+03 2.707234e+08 6.250065e+08 8.614501e+05 1.128151e+05 2.614021e+06 6.041614e+06 1.113194e+05 1.052356e+09 4.951478e+03 9.058583e+03 1.680768e+06 1.920000e-13 1.418766e+03 2.576774e+03 8.745439e-17 2.061724e+10 5.376980e+02 9.303440e+02 3.450435e+06
1.335900e+04 3.504582e+03 5.314626e+07 1.196232e+08 6.902527e+04 8.657648e+02 7.177306e+07 1.901983e+08 2.585583e+04 1.099356e+05 2.068606e+07 5.036357e+07 8.904412e+05 8.384634e+03 2.754223e+08 6.421364e+08 8.770468e+05 1.083521e+05 2.724169e+06 6.369107e+06 1.123214e+05 4.039080e+08 1.208124e+04 2.523725e+04 1.718349e+06 6.646111e+10 1.526077e+02 4.034220e+02 4.212795e+06 2.018128e+10 5.496179e+02 1.102308e+03 3.800528e+06
1.343200e+04 3.442123e+03 5.332813e+07 1.205569e+08 6.823283e+04 8.657648e+02 7.187539e+07 1.904694e+08 2.589269e+04 1.219352e+05 1.857240e+07 4.584207e+07 8.954005e+05 8.289043e+03 2.803350e+08 6.590118e+08 8.876366e+05 1.053490e+05 2.820011e+06 6.688889e+06 1.141999e+05 2.967067e+08 1.647650e+04 3.858590e+04 1.862462e+06 1.920000e-13 1.472422e+03 3.891573e+03 1.174071e-16 1.975014e+10 5.635060e+02 1.276534e+03 4.142880e+06
1.350500e+04 2.902984e+02 5.431068e+07 1.181497e+08 5.707408e+03 1.920000e-13 7.601958e+07 2.014517e+08 6.073292e-12 1.920000e-13 2.061107e+07 4.757497e+07 1.492456e-12 1.920000e-13 2.873094e+08 6.475359e+08 2.046189e-11 1.020094e+05 2.926896e+06 7.032361e+06 1.158169e+05 2.484682e+08 2.022574e+04 5.097567e+04 2.016806e+06 1.920000e-13 1.472422e+03 3.891573e+03 1.174071e-16 2.274951e+10 5.192193e+02 1.283065e+03 4.674125e+06
1.357800e+04 2.902772e+02 5.431070e+07 1.188904e+08 5.731502e+03 5.587335e+02 7.175988e+07 1.901634e+08 1.668336e+04 8.144753e+04 1.945114e+07 4.589137e+07 6.067064e+05 6.081448e+03 2.673084e+08 6.128906e+08 6.102288e+05 1.038345e+05 2.779890e+06 6.765306e+06 1.129878e+05 2.198713e+08 2.399885e+04 6.243372e+04 2.166461e+06 1.920000e-13 1.472422e+03 3.891573e+03 1.174071e-16 6.601073e+09 2.562754e+02 6.030485e+02 6.466604e+05
1.365100e+04 3.564850e+03 5.240732e+07 1.177186e+08 6.913796e+04 8.081737e+02 7.179147e+07 1.902471e+08 2.414208e+04 1.104217e+05 2.027717e+07 4.854174e+07 8.662973e+05 8.363757e+03 2.741359e+08 6.326648e+08 8.646058e+05 1.130949e+05 2.582760e+06 5.969216e+06 1.102591e+05 1.056003e+09 4.900070e+03 9.021880e+03 1.675985e+06 1.920000e-13 1.355577e+03 2.459126e+03 8.349621e-17 2.134907e+10 5.376328e+02 9.255315e+02 3.561040e+06
1.372400e+04 3.488608e+03 5.260679e+07 1.186200e+08 6.809713e+04 8.081737e+02 7.188550e+07 1.904963e+08 2.417370e+04 1.095192e+05 2.092492e+07 5.091054e+07 8.968796e+05 8.312248e+03 2.788826e+08 6.499286e+08 8.801380e+05 1.086845e+05 2.690799e+06 6.291702e+06 1.112935e+05 4.048125e+08 1.199543e+04 2.533346e+04 1.722677e+06 6.667525e+10 1.628452e+02 4.310827e+02 4.514433e+06 2.087117e+10 5.494097e+02 1.099959e+03 3.924365e+06
1.379700e+04 3.426828e+03 5.277831e+07 1.195300e+08 6.731368e+04 8.081737e+02 7.198580e+07 1.907621e+08 2.420743e+04 1.215564e+05 1.878968e+07 4.634797e+07 9.026402e+05 8.221256e+03 2.838373e+08 6.669708e+08 8.911193e+05 1.056793e+05 2.784469e+06 6.599152e+06 1.130486e+05 2.970991e+08 1.640991e+04 3.877220e+04 1.868979e+06 1.920000e-13 1.472334e+03 3.898832e+03 1.175641e-16 2.040320e+10 5.628898e+02 1.273771e+03 4.272010e+06
1.387000e+04 2.888256e+02 5.369253e+07 1.169525e+08 5.618678e+03 1.920000e-13 7.699385e+07 2.040335e+08 6.151128e-12 1.920000e-13 2.086090e+07 4.811774e+07 1.509805e-12 1.920000e-13 2.909003e+08 6.552342e+08 2.070899e-11 1.023206e+05 2.890698e+06 6.940254e+06 1.146736e+05 2.486573e+08 2.017498e+04 5.106700e+04 2.019492e+06 1.920000e-13 1.472334e+03 3.898832e+03 1.175641e-16 2.336898e+10 5.197314e+02 1.281904e+03 4.799671e+06
1.394300e+04 2.888048e+02 5.369255e+07 1.177147e+08 5.643370e+03 5.214585e+02 7.189540e+07 1.905225e+08 1.559977e+04 8.134888e+04 1.966784e+07 4.639214e+07 6.126252e+05 6.036273e+03 2.705858e+08 6.202924e+08 6.130446e+05 1.041139e+05 2.747284e+06 6.684465e+06 1.119453e+05 2.198504e+08 2.387971e+04 6.216892e+04 2.156632e+06 1.920000e-13 1.472334e+03 3.898832e+03 1.175641e-16 6.654557e+09 2.554838e+02 6.011471e+02 6.498570e+05
1.401600e+04 3.549308e+03 5.190741e+07 1.168558e+08 6.828516e+04 7.542061e+02 7.192821e+07 1.906095e+08 2.257286e+04 1.101957e+05 2.050980e+07 4.907624e+07 8.741614e+05 8.299319e+03 2.775368e+08 6.403364e+08 8.684204e+05 1.133927e+05 2.554869e+06 5.911872e+06 1.094475e+05 1.052231e+09 4.882111e+03 8.955167e+03 1.659841e+06 1.920000e-13 1.355961e+03 2.460991e+03 8.354545e-17 2.185236e+10 5.362014e+02 9.198200e+02 3.627195e+06
1.408900e+04 3.473287e+03 5.209747e+07 1.177681e+08 6.725908e+04 7.542061e+02 7.201958e+07 1.908516e+08 2.260153e+04 1.092832e+05 2.116990e+07 5.147850e+07 9.050747e+05 8.247961e+03 2.823506e+08 6.577724e+08 8.839672e+05 1.089639e+05 2.669337e+06 6.281988e+06 1.111923e+05 4.035319e+08 1.193667e+04 2.507047e+04 1.702426e+06 6.476917e+10 1.719160e+02 4.552643e+02 4.630902e+06 2.136234e+10 5.476426e+02 1.093366e+03 3.996360e+06
1.416200e+04 3.411654e+03 5.226283e+07 1.187353e+08 6.650606e+04 7.542061e+02 7.211809e+07 1.911127e+08 2.263245e+04 1.212742e+05 1.901835e+07 4.688500e+07 9.111311e+05 8.158889e+03 2.873669e+08 6.749940e+08 8.951047e+05 1.059197e+05 2.778832e+06 6.673048e+06 1.141300e+05 2.962378e+08 1.633345e+04 3.847663e+04 1.850997e+06 1.920000e-13 1.482357e+03 3.925916e+03 1.183763e-16 2.088190e+10 5.615134e+02 1.271735e+03 4.364115e+06
1.423500e+04 2.873047e+02 5.310468e+07 1.163982e+08 5.551684e+03 1.920000e-13 7.797137e+07 2.066240e+08 6.229224e-12 1.920000e-13 2.111083e+07 4.866173e+07 1.527182e-12 1.920000e-13 2.944606e+08 6.628425e+08 2.095345e-11 1.025201e+05 2.905284e+06 7.099355e+06 1.169271e+05 2.479739e+08 2.012399e+04 5.094207e+04 2.008968e+06 1.920000e-13 1.482357e+03 3.925916e+03 1.183763e-16 2.384066e+10 5.220079e+02 1.291580e+03 4.929032e+06
1.430800e+04 2.872842e+02 5.310470e+07 1.171492e+08 5.575883e+03 4.891111e+02 7.205801e+07 1.909534e+08 1.466517e+04 8.122386e+04 1.989897e+07 4.692819e+07 6.187875e+05 5.991244e+03 2.739235e+08 6.278106e+08 6.158861e+05 1.042969e+05 2.779785e+06 6.896787e+06 1.150530e+05 2.192570e+08 2.383475e+04 6.206374e+04 2.147058e+06 1.920000e-13 1.482357e+03 3.925916e+03 1.183763e-16 6.664574e+09 2.601533e+02 6.115331e+02 6.622737e+05
1.438100e+04 3.532384e+03 5.144758e+07 1.163904e+08 6.758698e+04 7.065689e+02 7.209585e+07 1.910537e+08 2.119640e+04 1.098734e+05 2.075551e+07 4.964091e+07 8.817553e+05 8.231223e+03 2.810175e+08 6.481390e+08 8.718827e+05 1.135520e+05 2.599334e+06 6.123638e+06 1.129183e+05 1.047942e+09 4.878103e+03 8.946424e+03 1.651552e+06 1.920000e-13 1.366762e+03 2.483810e+03 8.428132e-17 2.217019e+10 5.396857e+02 9.278707e+02 3.709105e+06
1.445400e+04 3.457497e+03 5.162320e+07 1.172455e+08 6.656039e+04 7.065689e+02 7.218676e+07 1.912946e+08 2.122312e+04 1.089533e+05 2.142612e+07 5.207584e+07 9.129441e+05 8.180191e+03 2.859038e+08 6.657876e+08 8.874919e+05 1.090745e+05 2.724674e+06 6.534225e+06 1.151297e+05 4.022171e+08 1.190108e+04 2.495951e+04 1.690159e+06 6.399750e+10 1.498121e+02 3.966468e+02 3.986809e+06 2.162367e+10 5.513467e+02 1.107589e+03 4.089440e+06
1.452700e+04 3.396202e+03 5.177490e+07 1.180826e+08 6.576320e+04 7.065689e+02 7.228516e+07 1.915554e+08 2.125205e+04 1.207502e+05 1.925381e+07 4.743753e+07 9.180410e+05 8.088465e+03 2.910013e+08 6.831997e+08 8.982961e+05 1.060205e+05 2.836343e+06 6.907302e+06 1.177650e+05 2.953839e+08 1.625934e+04 3.823414e+04 1.835001e+06 1.920000e-13 1.430535e+03 3.784172e+03 1.141395e-16 2.108975e+10 5.654014e+02 1.288583e+03 4.457407e+06
1.460000e+04 2.857365e+02 5.253646e+07 1.143637e+08 5.436600e+03 1.920000e-13 7.903884e+07 2.094528e+08 6.314505e-12 1.920000e-13 2.135915e+07 4.920368e+07 1.544479e-12 1.920000e-13 2.980065e+08 6.704138e+08 2.119678e-11 1.026206e+05 2.960201e+06 7.299970e+06 1.200311e+05 2.473416e+08 2.001282e+04 5.060456e+04 1.991194e+06 1.920000e-13 1.430535e+03 3.784172e+03 1.141395e-16 2.403997e+10 5.257860e+02 1.304431e+03 5.015814e+06
1.467300e+04 2.857163e+02 5.253648e+07 1.150698e+08 5.459216e+03 4.593213e+02 7.225556e+07 1.914770e+08 1.380973e+04 8.069422e+04 2.014864e+07 4.749048e+07 6.222218e+05 5.931526e+03 2.774028e+08 6.354701e+08 6.172791e+05 1.044083e+05 2.814983e+06 7.005474e+06 1.168884e+05 2.187259e+08 2.378345e+04 6.195011e+04 2.137745e+06 1.920000e-13 1.430535e+03 3.784172e+03 1.141395e-16 6.714253e+09 2.611635e+02 6.130262e+02 6.691265e+05
1.474600e+04 3.514975e+03 5.096771e+07 1.150080e+08 6.650767e+04 6.632624e+02 7.229601e+07 1.915842e+08 1.995248e+04 1.091691e+05 2.100775e+07 5.020875e+07 8.863090e+05 8.148732e+03 2.845766e+08 6.559770e+08 8.737324e+05 1.136896e+05 2.618085e+06 6.123871e+06 1.133012e+05 1.046806e+09 4.873654e+03 8.978802e+03 1.653095e+06 1.920000e-13 1.317439e+03 2.392223e+03 8.119707e-17 2.224496e+10 5.418902e+02 9.289477e+02 3.729935e+06
1.481900e+04 3.440052e+03 5.113502e+07 1.158513e+08 6.548634e+04 6.632624e+02 7.238538e+07 1.918210e+08 1.997715e+04 1.082433e+05 2.168011e+07 5.265242e+07 9.172441e+05 8.097530e+03 2.895021e+08 6.737277e+08 8.891751e+05 1.092265e+05 2.731888e+06 6.470509e+06 1.145866e+05 4.018223e+08 1.190830e+04 2.518035e+04 1.698948e+06 6.500428e+10 1.598553e+02 4.234455e+02 4.322544e+06 2.163809e+10 5.529063e+02 1.104444e+03 4.088257e+06
1.489200e+04 3.379163e+03 5.127923e+07 1.166867e+08 6.470459e+04 6.632624e+02 7.248184e+07 1.920766e+08 2.000377e+04 1.199857e+05 1.947180e+07 4.793014e+07 9.219484e+05 8.003750e+03 2.946466e+08 6.912415e+08 8.995514e+05 1.061799e+05 2.831774e+06 6.799384e+06 1.165804e+05 2.951160e+08 1.629523e+04 3.858712e+04 1.846419e+06 1.920000e-13 1.440271e+03 3.814900e+03 1.150252e-16 2.104885e+10 5.659502e+02 1.280122e+03 4.429779e+06
1.496500e+04 2.840859e+02 5.198775e+07 1.130718e+08 5.345583e+03 1.920000e-13 8.013461e+07 2.123566e+08 6.402048e-12 1.920000e-13 2.159693e+07 4.971700e+07 1.560919e-12 1.920000e-13 3.015043e+08 6.778343e+08 2.143576e-11 1.027673e+05 2.946111e+06 7.166482e+06 1.184738e+05 2.470871e+08 2.006173e+04 5.087096e+04 1.998027e+06 1.920000e-13 1.440271e+03 3.814900e+03 1.150252e-16 2.397819e+10 5.228879e+02 1.290094e+03 4.955812e+06
1.503800e+04 2.840657e+02 5.198776e+07 1.137917e+08 5.368519e+03 4.330542e+02 7.246485e+07 1.920316e+08 1.305771e+04 8.007005e+04 2.037654e+07 4.798295e+07 6.239844e+05 5.864040e+03 2.808444e+08 6.428972e+08 6.175218e+05 1.045582e+05 2.803600e+06 6.905601e+06 1.157302e+05 2.184773e+08 2.378127e+04 6.196520e+04 2.135637e+06 1.920000e-13 1.440271e+03 3.814900e+03 1.150252e-16 6.771170e+09 2.570919e+02 6.047201e+02 6.652442e+05
1.511100e+04 3.495278e+03 5.051307e+07 1.138763e+08 6.550287e+04 6.244071e+02 7.250925e+07 1.921493e+08 1.883903e+04 1.084004e+05 2.123572e+07 5.070301e+07 8.889929e+05 8.058276e+03 2.880788e+08 6.635540e+08 8.742113e+05 1.138430e+05 2.612328e+06 6.108275e+06 1.131769e+05 1.045114e+09 4.870261e+03 8.958130e+03 1.647556e+06 1.920000e-13 1.326559e+03 2.409654e+03 8.177824e-17 2.223124e+10 5.385098e+02 9.249728e+02 3.708993e+06
1.518400e+04 3.419755e+03 5.067367e+07 1.147066e+08 6.447385e+04 6.244071e+02 7.259792e+07 1.923843e+08 1.886207e+04 1.074852e+05 2.190705e+07 5.314894e+07 9.196842e+05 8.007458e+03 2.930233e+08 6.813678e+08 8.894731e+05 1.093681e+05 2.731100e+06 6.488992e+06 1.149557e+05 4.013558e+08 1.190351e+04 2.519672e+04 1.697505e+06 6.466806e+10 1.671628e+02 4.427497e+02 4.496372e+06 2.178834e+10 5.509027e+02 1.105800e+03 4.115037e+06
1.525700e+04 3.358715e+03 5.081210e+07 1.155415e+08 6.369572e+04 6.244071e+02 7.269399e+07 1.926388e+08 1.888703e+04 1.192324e+05 1.966204e+07 4.833593e+07 9.242618e+05 7.907616e+03 2.982202e+08 6.989557e+08 8.989224e+05 1.063258e+05 2.833490e+06 6.826998e+06 1.170962e+05 2.948589e+08 1.631223e+04 3.875400e+04 1.850991e+06 1.920000e-13 1.455585e+03 3.855803e+03 1.162557e-16 2.135849e+10 5.652554e+02 1.286741e+03 4.509365e+06
1.533000e+04 2.823608e+02 5.146654e+07 1.128938e+08 5.290617e+03 1.920000e-13 8.124938e+07 2.153108e+08 6.491109e-12 1.920000e-13 2.181874e+07 5.018993e+07 1.576126e-12 1.920000e-13 3.048963e+08 6.849942e+08 2.166672e-11 1.029239e+05 2.949290e+06 7.196405e+06 1.190427e+05 2.468452e+08 2.016225e+04 5.130012e+04 2.010976e+06 1.920000e-13 1.455585e+03 3.855803e+03 1.162557e-16 2.439170e+10 5.265354e+02 1.304837e+03 5.092413e+06
1.540300e+04 2.823412e+02 5.146656e+07 1.138352e+08 5.320551e+03 4.049347e+02 7.267845e+07 1.925977e+08 1.224582e+04 7.936092e+04 2.058235e+07 4.839690e+07 6.240652e+05 5.785190e+03 2.842239e+08 6.499881e+08 6.161237e+05 1.047011e+05 2.806944e+06 6.931970e+06 1.162429e+05 2.181251e+08 2.396352e+04 6.253027e+04 2.150777e+06 1.920000e-13 1.455585e+03 3.855803e+03 1.162557e-16 6.757017e+09 2.612139e+02 6.130079e+02 6.734130e+05
1.547600e+04 3.476598e+03 5.010667e+07 1.136222e+08 6.489103e+04 5.837166e+02 7.272428e+07 1.927191e+08 1.766358e+04 1.077722e+05 2.142981e+07 5.109933e+07 8.910956e+05 7.963795e+03 2.914286e+08 6.706825e+08 8.734743e+05 1.140208e+05 2.609679e+06 6.077021e+06 1.129130e+05 1.044327e+09 4.900212e+03 9.001444e+03 1.655037e+06 1.920000e-13 1.341418e+03 2.437963e+03 8.272310e-17 2.243615e+10 5.409650e+02 9.271462e+02 3.755019e+06
1.554900e+04 3.404352e+03 5.025982e+07 1.146308e+08 6.399343e+04 5.837166e+02 7.281292e+07 1.929540e+08 1.768511e+04 1.069050e+05 2.209443e+07 5.353340e+07 9.216889e+05 7.915913e+03 2.963679e+08 6.885143e+08 8.887716e+05 1.095560e+05 2.721032e+06 6.414862e+06 1.141017e+05 4.009813e+08 1.196605e+04 2.519557e+04 1.698727e+06 6.512836e+10 1.654924e+02 4.382762e+02 4.482760e+06 2.184508e+10 5.518806e+02 1.100605e+03 4.115250e+06
1.562200e+04 3.344970e+03 5.040022e+07 1.157983e+08 6.337592e+04 5.837166e+02 7.290833e+07 1.932068e+08 1.770829e+04 1.192497e+05 1.980651e+07 4.863335e+07 9.304035e+05 7.828187e+03 3.015425e+08 7.061706e+08 8.992965e+05 1.065076e+05 2.819476e+06 6.740675e+06 1.160781e+05 2.946071e+08 1.637758e+04 3.873695e+04 1.851033e+06 1.920000e-13 1.462645e+03 3.874263e+03 1.168142e-16 2.126584e+10 5.649572e+02 1.276152e+03 4.463412e+06
1.569500e+04 2.807836e+02 5.098151e+07 1.126783e+08 5.238642e+03 1.920000e-13 8.237528e+07 2.182944e+08 6.581058e-12 1.920000e-13 2.202743e+07 5.063226e+07 1.590375e-12 1.920000e-13 3.082387e+08 6.920232e+08 2.189373e-11 1.031024e+05 2.928613e+06 7.085370e+06 1.177010e+05 2.467092e+08 2.019755e+04 5.125410e+04 2.009567e+06 1.920000e-13 1.462645e+03 3.874263e+03 1.168142e-16 2.420275e+10 5.229024e+02 1.290446e+03 5.003234e+06
1.576800e+04 2.807645e+02 5.098152e+07 1.134656e+08 5.263483e+03 3.744252e+02 7.289746e+07 1.931780e+08 1.135729e+04 7.956808e+04 2.072233e+07 4.868708e+07 6.295963e+05 5.721540e+03 2.874587e+08 6.571092e+08 6.160996e+05 1.048951e+05 2.783776e+06 6.821351e+06 1.148586e+05 2.181581e+08 2.393900e+04 6.239024e+04 2.147010e+06 1.920000e-13 1.462645e+03 3.874263e+03 1.168142e-16 6.758806e+09 2.572564e+02 6.049365e+02 6.643230e+05
1.584100e+04 3.461129e+03 4.974281e+07 1.136282e+08 6.446109e+04 5.395281e+02 7.294554e+07 1.933055e+08 1.637609e+04 1.080281e+05 2.158213e+07 5.141449e+07 8.989682e+05 7.876228e+03 2.947893e+08 6.781053e+08 8.735523e+05 1.142207e+05 2.585039e+06 5.974312e+06 1.114527e+05 1.046544e+09 4.892736e+03 9.014805e+03 1.659253e+06 1.920000e-13 1.348052e+03 2.450201e+03 8.313616e-17 2.228313e+10 5.369876e+02 9.219617e+02 3.706134e+06
1.591400e+04 3.388105e+03 4.988075e+07 1.144502e+08 6.347184e+04 5.395280e+02 7.303245e+07 1.935358e+08 1.639560e+04 1.071511e+05 2.224456e+07 5.384038e+07 9.293948e+05 7.828554e+03 2.997553e+08 6.959999e+08 8.886668e+05 1.097316e+05 2.695818e+06 6.317310e+06 1.127488e+05 4.012327e+08 1.197979e+04 2.534892e+04 1.707435e+06 6.471039e+10 1.750555e+02 4.636654e+02 4.711833e+06 2.166751e+10 5.481122e+02 1.095805e+03 4.060634e+06
1.598700e+04 3.328081e+03 5.000293e+07 1.153120e+08 6.272068e+04 5.395280e+02 7.312645e+07 1.937849e+08 1.641670e+04 1.194309e+05 1.993848e+07 4.890158e+07 9.372661e+05 7.739004e+03 3.049879e+08 7.137799e+08 8.988043e+05 1.066635e+05 2.799553e+06 6.683046e+06 1.153050e+05 2.945588e+08 1.641364e+04 3.891613e+04 1.857957e+06 1.920000e-13 1.489812e+03 3.946819e+03 1.189970e-16 2.107765e+10 5.613654e+02 1.271316e+03 4.403661e+06
1.605900e+04 2.792544e+02 5.052005e+07 1.115517e+08 5.159553e+03 1.920000e-13 8.355707e+07 2.214261e+08 6.675472e-12 1.920000e-13 2.222317e+07 5.104416e+07 1.603675e-12 1.920000e-13 3.114987e+08 6.988520e+08 2.211456e-11 1.032491e+05 2.917021e+06 7.075187e+06 1.176122e+05 2.466622e+08 2.021803e+04 5.131371e+04 2.011436e+06 1.920000e-13 1.489812e+03 3.946819e+03 1.189970e-16 2.395884e+10 5.200499e+02 1.284738e+03 4.929432e+06
